|S|6380|6387|0.01|-0.04|0.00|0.000000|0.000000|-2.00|0.00|0|E|
|S|6380|6411|0.01|-0.03|0.00|0.000000|0.000000|-2.01|0.00|0|E|
|S|6380|6436|0.03|-0.03|0.00|0.000000|0.000000|-2.01|0.00|0|E|
|S|6380|6460|0.02|-0.04|0.00|0.000000|0.000000|-2.01|0.00|0|E|
|S|6380|6484|0.01|-0.04|0.00|0.000000|0.000000|-2.01|0.00|0|E|
|S|6380|6509|0.02|-0.03|0.00|0.000000|0.000000|-2.01|0.00|0|E|
|S|6380|6534|0.02|-0.03|0.00|0.000000|0.000000|-2.01|0.00|0|E|
|S|6380|6557|0.03|-0.03|0.00|0.000000|0.000000|-2.01|0.00|0|E|
|S|6380|6578|0.02|-0.03|0.00|0.000000|0.000000|-2.01|0.00|0|E|
|S|6380|6602|0.02|-0.03|0.00|0.000000|0.000000|-2.01|0.00|0|E|
|S|6380|6627|0.02|-0.04|0.00|0.000000|0.000000|-2.01|0.00|0|E|
|S|6380|6651|0.01|-0.03|0.00|0.000000|0.000000|-2.01|0.00|0|E|
|S|6380|6676|0.01|-0.03|0.00|0.000000|0.000000|-2.01|0.00|0|E|
|S|6380|6701|0.01|-0.04|0.00|0.000000|0.000000|-2.01|0.00|0|E|
|S|6380|6725|0.02|-0.03|0.00|0.000000|0.000000|-2.01|0.00|0|E|
|S|6380|6748|0.02|-0.04|0.00|0.000000|0.000000|-2.01|0.00|0|E|
|S|6380|6772|0.02|-0.03|0.00|0.000000|0.000000|-2.01|0.00|0|E|
|S|6380|6797|0.01|-0.03|0.00|0.000000|0.000000|-2.01|0.00|0|E|
|S|6380|6820|0.01|-0.03|0.00|0.000000|0.000000|-2.01|0.00|0|E|
|S|6380|6841|0.01|-0.03|0.00|0.000000|0.000000|-2.01|0.00|0|E|
|S|6380|6863|0.02|-0.04|0.00|0.000000|0.000000|-2.01|0.00|0|E|
|S|6380|6884|0.02|-0.04|0.00|0.000000|0.000000|-2.01|0.00|0|E|
|S|6380|6907|0.02|-0.03|0.00|0.000000|0.000000|-2.01|0.00|0|E|
|S|6380|6932|0.02|-0.03|0.00|0.000000|0.000000|-2.01|0.00|0|E|
|S|6380|6957|0.02|-0.03|0.00|0.000000|0.000000|-2.01|0.00|0|E|
|S|6380|6980|0.02|-0.03|0.00|0.000000|0.000000|-2.01|0.00|0|E|
|S|6380|7004|0.02|-0.04|0.00|0.000000|0.000000|-2.01|0.00|0|E|
|S|6380|7028|0.02|-0.04|0.00|0.000000|0.000000|-2.01|0.00|0|E|
|S|6380|7053|0.02|-0.04|0.00|0.000000|0.000000|-2.01|0.00|0|E|
|S|6380|7076|0.02|-0.03|0.00|0.000000|0.000000|-2.01|0.00|0|E|
|S|6380|7101|0.02|-0.03|0.00|0.000000|0.000000|-2.01|0.00|0|E|
|S|6380|7126|0.02|-0.03|0.00|0.000000|0.000000|-2.01|0.00|0|E|
|S|6380|7150|0.02|-0.03|0.00|0.000000|0.000000|-2.02|0.00|0|E|
|S|6380|7175|0.03|-0.03|0.00|0.000000|0.000000|-2.02|0.00|0|E|
|S|6380|7200|0.02|-0.03|0.00|-88.113655|42.114238|-2.01|0.03|0|E|
|S|6380|7226|0.02|-0.03|0.00|-88.113655|42.114238|-2.01|0.03|0|E|
|S|6380|7251|0.02|-0.03|0.00|-88.113655|42.114238|-2.01|0.03|0|E|
|S|6380|7272|0.02|-0.03|0.00|-88.113655|42.114238|-2.02|0.03|0|E|
|S|6380|7293|0.03|-0.03|0.00|-88.113655|42.114238|-2.01|0.03|0|E|
|S|6380|7315|0.02|-0.03|0.00|-88.113655|42.114238|-2.02|0.03|10|E|
|S|6380|7341|0.02|-0.03|0.00|-88.113655|42.114238|-2.01|0.03|10|E|
|S|6380|7366|0.02|-0.03|0.00|-88.113655|42.114238|-2.01|0.03|10|E|
|S|6380|7387|0.01|-0.03|0.00|-88.113655|42.114238|-2.02|0.03|10|E|
|S|6380|7413|0.02|-0.04|0.00|-88.113655|42.114238|-2.01|0.03|10|E|
|S|6380|7434|0.02|-0.03|0.00|-88.113655|42.114238|-2.01|0.03|10|E|
|S|6380|7459|0.02|-0.03|0.00|-88.113655|42.114238|-2.02|0.03|10|E|
|S|6380|7481|0.02|-0.03|0.00|-88.113655|42.114238|-2.01|0.03|10|E|
|S|6380|7506|0.02|-0.03|0.00|-88.113655|42.114238|-2.01|0.03|10|E|
|S|6380|7527|0.02|-0.03|0.00|-88.113655|42.114238|-2.02|0.03|10|E|
|S|6380|7554|0.02|-0.03|0.00|-88.113655|42.114238|-2.02|0.03|10|E|
|S|6380|7579|0.02|-0.03|0.00|-88.113655|42.114238|-2.02|0.03|10|E|
|S|6380|7600|0.01|-0.03|0.00|-88.113655|42.114238|-2.02|0.03|10|E|
|S|6380|7621|0.02|-0.03|0.00|-88.113655|42.114238|-2.01|0.03|10|E|
|S|6380|7647|0.02|-0.03|0.00|-88.113655|42.114238|-2.01|0.03|10|E|
|S|6380|7672|0.01|-0.03|0.00|-88.113655|42.114238|-2.01|0.03|10|E|
|S|6380|7694|0.02|-0.03|0.00|-88.113655|42.114238|-2.01|0.03|10|E|
|S|6380|7719|0.01|-0.03|0.00|-88.113655|42.114238|-2.01|0.03|10|E|
|S|6380|7740|0.02|-0.04|0.00|-88.113655|42.114238|-2.01|0.03|10|E|
|S|6380|7766|0.02|-0.03|0.00|-88.113655|42.114238|-2.02|0.03|10|E|
|S|6380|7791|0.01|-0.03|0.00|-88.113655|42.114238|-2.01|0.03|10|E|
|S|6380|7812|0.02|-0.03|0.00|-88.113655|42.114238|-2.02|0.03|10|E|
|S|6380|7837|0.03|-0.03|0.00|-88.113655|42.114238|-2.02|0.03|10|E|
|S|6380|7863|0.02|-0.03|0.00|-88.113655|42.114238|-2.02|0.03|10|E|
|S|6380|7888|0.01|-0.03|0.00|-88.113655|42.114238|-2.02|0.03|10|E|
|S|6380|7909|0.02|-0.03|0.00|-88.113655|42.114238|-2.02|0.03|10|E|
|S|6380|7934|0.02|-0.02|0.00|-88.113655|42.114238|-2.02|0.03|10|E|
|S|6380|7955|0.02|-0.03|0.00|-88.113655|42.114238|-2.02|0.03|10|E|
|S|6380|7981|0.01|-0.03|0.00|-88.113655|42.114238|-2.02|0.03|10|E|
|S|6380|8006|0.01|-0.03|0.00|-88.113655|42.114238|-2.02|0.03|10|E|
|S|6380|8027|0.02|-0.03|0.00|-88.113655|42.114238|-2.02|0.03|10|E|
|S|6380|8053|0.01|-0.03|0.00|-88.113655|42.114238|-2.01|0.03|10|E|
|S|6380|8079|0.02|-0.03|0.00|-88.113655|42.114238|-2.02|0.03|10|E|
|S|6380|8104|0.01|-0.03|0.00|-88.113655|42.114238|-2.01|0.03|10|E|
|S|6380|8130|0.02|-0.03|0.00|-88.113655|42.114238|-2.02|0.03|10|E|
|S|6380|8156|0.02|-0.03|0.00|-88.113655|42.114238|-2.02|0.03|10|E|
|S|6380|8182|0.01|-0.03|0.00|-88.113655|42.114238|-2.02|0.03|10|E|
|S|6380|8203|0.02|-0.03|0.00|-88.113655|42.114238|-2.02|0.05|10|E|
|S|6380|8229|0.01|-0.03|0.00|-88.113655|42.114238|-2.02|0.05|10|E|
|S|6380|8250|0.02|-0.03|0.00|-88.113655|42.114238|-2.02|0.05|10|E|
|S|6380|8271|0.02|-0.03|0.00|-88.113655|42.114238|-2.02|0.05|10|E|
|S|6380|8292|0.01|-0.03|0.00|-88.113655|42.114238|-2.02|0.05|10|E|
|S|6380|8318|0.02|-0.03|0.00|-88.113655|42.114238|-2.02|0.05|10|E|
|S|6380|8339|0.02|-0.03|0.00|-88.113655|42.114238|-2.02|0.05|10|E|
|S|6380|8365|0.03|-0.04|0.00|-88.113655|42.114238|-2.02|0.05|10|E|
|S|6380|8386|0.01|-0.03|0.00|-88.113655|42.114238|-2.02|0.05|10|E|
|S|6380|8412|0.02|-0.03|0.00|-88.113655|42.114238|-2.03|0.05|10|E|
|S|6380|8437|0.01|-0.03|0.00|-88.113655|42.114238|-2.02|0.05|10|E|
|S|6380|8459|0.02|-0.02|0.00|-88.113655|42.114238|-2.03|0.05|10|E|
|S|6380|8484|0.01|-0.03|0.00|-88.113655|42.114238|-2.02|0.05|10|E|
|S|6380|8505|0.02|-0.03|0.00|-88.113655|42.114238|-2.02|0.05|10|E|
|S|6380|8526|0.02|-0.03|0.00|-88.113655|42.114238|-2.02|0.05|10|E|
|S|6380|8552|0.02|-0.02|0.00|-88.113655|42.114238|-2.02|0.05|10|E|
|S|6380|8579|0.01|-0.03|0.00|-88.113655|42.114238|-2.02|0.05|10|E|
|S|6380|8604|0.01|-0.03|0.00|-88.113655|42.114238|-2.02|0.05|10|E|
|S|6380|8626|0.01|-0.03|0.00|-88.113655|42.114238|-2.02|0.05|10|E|
|S|6380|8651|0.01|-0.03|0.00|-88.113655|42.114238|-2.02|0.05|10|E|
|S|6380|8677|0.01|-0.03|0.00|-88.113655|42.114238|-2.02|0.05|10|E|
|S|6380|8704|0.01|-0.03|0.00|-88.113655|42.114238|-2.02|0.05|10|E|
|S|6380|8729|0.02|-0.02|0.00|-88.113655|42.114238|-2.02|0.05|10|E|
|S|6380|8755|0.01|-0.03|0.00|-88.113655|42.114238|-2.02|0.05|10|E|
|S|6380|8780|0.01|-0.03|0.00|-88.113655|42.114238|-2.02|0.05|10|E|
|S|6380|8806|0.02|-0.03|0.00|-88.113655|42.114238|-2.01|0.05|10|E|
|S|6380|8832|0.02|-0.03|0.00|-88.113655|42.114238|-2.02|0.05|10|E|
|S|6380|8857|0.01|-0.02|0.00|-88.113655|42.114238|-2.02|0.05|10|E|
|S|6380|8877|0.01|-0.03|0.00|-88.113655|42.114238|-2.03|0.05|10|E|
|S|6380|8903|0.02|-0.03|0.00|-88.113655|42.114238|-2.02|0.05|10|E|
|S|6380|8924|0.01|-0.03|0.00|-88.113655|42.114238|-2.02|0.05|10|E|
|S|6380|8949|0.01|-0.03|0.00|-88.113655|42.114238|-2.02|0.05|10|E|
|S|6380|8970|0.02|-0.03|0.00|-88.113655|42.114238|-2.02|0.05|10|E|
|S|6380|8995|0.01|-0.02|0.00|-88.113655|42.114238|-2.02|0.05|10|E|
|S|6380|9016|0.02|-0.03|0.00|-88.113655|42.114238|-2.02|0.05|10|E|
|S|6380|9041|0.02|-0.03|0.00|-88.113655|42.114238|-2.03|0.05|10|E|
|S|6380|9062|0.02|-0.03|0.00|-88.113655|42.114238|-2.02|0.05|10|E|
|S|6380|9088|0.01|-0.03|0.00|-88.113655|42.114238|-2.02|0.05|10|E|
|S|6380|9109|0.01|-0.03|0.00|-88.113655|42.114238|-2.02|0.05|10|E|
|S|6380|9135|0.02|-0.03|0.00|-88.113655|42.114238|-2.02|0.05|10|E|
|S|6380|9160|0.02|-0.04|0.00|-88.113655|42.114238|-2.02|0.05|10|E|
|S|6380|9181|0.02|-0.03|0.00|-88.113655|42.114238|-2.02|0.05|10|E|
|S|6380|9202|0.02|-0.03|0.00|-88.113655|42.114234|-2.01|0.06|10|E|
|S|6380|9224|0.01|-0.03|0.00|-88.113655|42.114234|-2.02|0.06|10|E|
|S|6380|9249|0.01|-0.03|0.00|-88.113655|42.114234|-2.02|0.06|10|E|
|S|6380|9270|0.02|-0.03|0.00|-88.113655|42.114234|-2.02|0.06|10|E|
|S|6380|9291|0.01|-0.04|0.00|-88.113655|42.114234|-2.02|0.06|10|E|
|S|6380|9312|0.00|-0.04|0.00|-88.113655|42.114234|-2.02|0.06|10|E|
|S|6380|9338|0.01|-0.03|0.00|-88.113655|42.114234|-2.02|0.06|10|E|
|S|6380|9359|0.02|-0.03|0.00|-88.113655|42.114234|-2.03|0.06|10|E|
|S|6380|9384|0.02|-0.03|0.00|-88.113655|42.114234|-2.02|0.06|10|E|
|S|6380|9405|0.02|-0.04|0.00|-88.113655|42.114234|-2.02|0.06|10|E|
|S|6380|9432|0.02|-0.05|0.00|-88.113655|42.114234|-2.02|0.06|10|E|
|S|6380|9457|0.02|-0.04|0.00|-88.113655|42.114234|-2.02|0.06|10|E|
|S|6380|9479|0.01|-0.04|0.00|-88.113655|42.114234|-2.03|0.06|10|E|
|S|6380|9504|0.01|-0.04|0.00|-88.113655|42.114234|-2.02|0.06|10|E|
|S|6380|9525|0.02|-0.05|0.00|-88.113655|42.114234|-2.02|0.06|10|E|
|S|6380|9550|0.02|-0.05|0.00|-88.113655|42.114234|-2.02|0.06|10|E|
|S|6380|9572|0.02|-0.04|0.00|-88.113655|42.114234|-2.03|0.06|10|E|
|S|6380|9597|0.02|-0.05|0.00|-88.113655|42.114234|-2.02|0.06|10|E|
|S|6380|9618|0.02|-0.05|0.00|-88.113655|42.114234|-2.02|0.06|10|E|
|S|6380|9645|0.01|-0.04|0.00|-88.113655|42.114234|-2.03|0.06|10|E|
|S|6380|9670|0.00|-0.05|0.00|-88.113655|42.114234|-2.03|0.06|10|E|
|S|6380|9691|0.01|-0.05|0.00|-88.113655|42.114234|-2.02|0.06|10|E|
|S|6380|9716|0.02|-0.05|0.00|-88.113655|42.114234|-2.03|0.06|10|E|
|S|6380|9737|0.01|-0.05|0.00|-88.113655|42.114234|-2.03|0.06|10|E|
|S|6380|9762|0.02|-0.05|0.00|-88.113655|42.114234|-2.03|0.06|10|E|
|S|6380|9783|0.01|-0.05|0.00|-88.113655|42.114234|-2.03|0.06|10|E|
|S|6380|9808|0.01|-0.05|0.00|-88.113655|42.114234|-2.02|0.06|10|E|
|S|6380|9829|0.01|-0.05|0.00|-88.113655|42.114234|-2.02|0.06|10|E|
|S|6380|9854|0.02|-0.05|0.00|-88.113655|42.114234|-2.02|0.06|10|E|
|S|6380|9875|0.02|-0.06|0.00|-88.113655|42.114234|-2.02|0.06|10|E|
|S|6380|9901|0.01|-0.06|0.00|-88.113655|42.114234|-2.01|0.06|10|E|
|S|6380|9926|0.02|-0.07|0.00|-88.113655|42.114234|-2.01|0.06|10|E|
|S|6380|9947|0.01|-0.07|0.00|-88.113655|42.114234|-2.01|0.06|10|E|
|S|6380|9972|0.02|-0.08|0.00|-88.113655|42.114234|-2.01|0.06|10|E|
|S|6380|9993|0.00|-0.08|0.00|-88.113655|42.114234|-2.01|0.06|10|E|
|S|6380|10018|0.00|-0.08|0.00|-88.113655|42.114234|-2.00|0.06|10|E|
|S|6380|10039|-0.01|-0.10|0.00|-88.113655|42.114234|-1.99|0.06|10|E|
|S|6380|10065|0.01|-0.10|0.00|-88.113655|42.114234|-1.99|0.06|10|E|
|S|6380|10091|0.01|-0.11|0.00|-88.113655|42.114234|-1.99|0.06|10|E|
|S|6380|10117|-0.01|-0.11|0.00|-88.113655|42.114234|-1.99|0.06|10|E|
|S|6380|10142|0.00|-0.12|0.00|-88.113655|42.114234|-1.98|0.06|10|E|
|S|6380|10164|0.00|-0.12|0.00|-88.113655|42.114234|-1.99|0.06|10|E|
|S|6380|10185|0.01|-0.12|0.00|-88.113655|42.114234|-1.98|0.06|10|E|
|S|6380|10206|0.01|-0.12|0.00|-88.113662|42.114234|-1.98|0.06|10|E|
|S|6380|10232|0.01|-0.13|0.00|-88.113662|42.114234|-1.97|0.06|10|E|
|S|6380|10253|0.00|-0.14|0.00|-88.113662|42.114234|-1.98|0.06|10|E|
|S|6380|10274|0.00|-0.15|0.00|-88.113662|42.114234|-1.97|0.06|10|E|
|S|6380|10296|-0.00|-0.16|0.00|-88.113662|42.114234|-1.98|0.06|10|E|
|S|6380|10321|0.00|-0.18|0.00|-88.113662|42.114234|-1.98|0.06|10|E|
|S|6380|10342|0.00|-0.18|0.00|-88.113662|42.114234|-1.98|0.06|10|E|
|S|6380|10363|0.00|-0.18|0.00|-88.113662|42.114234|-1.98|0.06|10|E|
|S|6380|10385|0.01|-0.20|0.00|-88.113662|42.114234|-1.99|0.06|10|E|
|S|6380|10411|0.01|-0.23|0.00|-88.113662|42.114234|-2.00|0.06|10|E|
|S|6380|10437|0.00|-0.23|0.00|-88.113662|42.114234|-2.01|0.06|10|E|
|S|6380|10463|0.01|-0.25|0.00|-88.113662|42.114234|-2.01|0.06|10|E|
|S|6380|10489|-0.01|-0.27|0.00|-88.113662|42.114234|-2.02|0.06|10|E|
|S|6380|10515|-0.02|-0.30|0.00|-88.113662|42.114234|-2.03|0.06|10|E|
|S|6380|10536|-0.02|-0.31|0.00|-88.113662|42.114234|-2.04|0.06|10|E|
|S|6380|10557|-0.02|-0.32|0.00|-88.113662|42.114234|-2.04|0.06|10|E|
|S|6380|10583|-0.01|-0.33|0.00|-88.113662|42.114234|-2.05|0.06|10|E|
|S|6380|10604|-0.01|-0.35|0.00|-88.113662|42.114234|-2.05|0.06|10|E|
|S|6380|10630|-0.01|-0.35|0.00|-88.113662|42.114234|-2.06|0.06|10|E|
|S|6380|10656|-0.01|-0.37|0.00|-88.113662|42.114234|-2.06|0.06|10|E|
|S|6380|10677|-0.01|-0.39|0.00|-88.113662|42.114234|-2.07|0.06|10|E|
|S|6380|10703|-0.01|-0.40|0.00|-88.113662|42.114234|-2.06|0.06|10|E|
|S|6380|10729|-0.01|-0.40|0.00|-88.113662|42.114234|-2.07|0.06|10|E|
|S|6380|10755|-0.01|-0.41|0.00|-88.113662|42.114234|-2.06|0.06|10|E|
|S|6380|10780|-0.03|-0.44|0.00|-88.113662|42.114234|-2.06|0.06|10|E|
|S|6380|10806|-0.02|-0.45|0.00|-88.113662|42.114234|-2.07|0.06|10|E|
|S|6380|10831|-0.02|-0.45|0.00|-88.113662|42.114234|-2.07|0.06|10|E|
|S|6380|10852|-0.02|-0.46|0.00|-88.113662|42.114234|-2.07|0.06|10|E|
|S|6380|10877|-0.02|-0.48|0.00|-88.113662|42.114234|-2.07|0.06|10|E|
|S|6380|10898|-0.02|-0.47|0.00|-88.113662|42.114234|-2.08|0.06|10|E|
|S|6380|10919|-0.02|-0.48|0.00|-88.113662|42.114234|-2.08|0.06|10|E|
|S|6380|10945|-0.02|-0.47|0.00|-88.113662|42.114234|-2.08|0.06|10|E|
|S|6380|10971|-0.01|-0.48|0.00|-88.113662|42.114234|-2.09|0.06|10|E|
|S|6380|10996|-0.01|-0.48|0.00|-88.113662|42.114234|-2.10|0.06|10|E|
|S|6380|11022|-0.01|-0.50|0.00|-88.113662|42.114234|-2.11|0.06|10|E|
|S|6380|11047|0.00|-0.52|0.00|-88.113662|42.114234|-2.10|0.06|10|E|
|S|6380|11068|-0.01|-0.53|0.00|-88.113662|42.114234|-2.10|0.06|10|E|
|S|6380|11094|-0.01|-0.54|0.00|-88.113662|42.114234|-2.12|0.06|10|E|
|S|6380|11119|-0.01|-0.57|0.00|-88.113662|42.114234|-2.13|0.06|10|E|
|S|6380|11140|0.01|-0.57|0.00|-88.113662|42.114234|-2.14|0.06|10|E|
|S|6380|11161|0.00|-0.57|0.00|-88.113662|42.114234|-2.15|0.06|10|E|
|S|6380|11182|0.01|-0.58|0.00|-88.113662|42.114234|-2.15|0.06|10|E|
|S|6380|11203|0.01|-0.56|0.00|-88.113662|42.114234|-2.16|0.06|10|E|
|S|6380|11229|0.00|-0.57|0.00|-88.113662|42.114234|-2.17|0.06|10|E|
|S|6380|11254|0.02|-0.57|0.00|-88.113662|42.114234|-2.16|0.06|10|E|
|S|6380|11277|0.01|-0.55|0.00|-88.113662|42.114234|-2.16|0.06|10|E|
|S|6380|11302|0.01|-0.58|0.00|-88.113662|42.114234|-2.16|0.06|10|E|
|S|6380|11323|0.02|-0.58|0.00|-88.113662|42.114234|-2.16|0.06|10|E|
|S|6380|11348|0.01|-0.60|0.00|-88.113662|42.114234|-2.18|0.06|10|E|
|S|6380|11370|0.01|-0.62|0.00|-88.113662|42.114234|-2.18|0.06|10|E|
|S|6380|11396|0.01|-0.61|0.00|-88.113662|42.114234|-2.17|0.06|10|E|
|S|6380|11417|0.01|-0.59|0.00|-88.113662|42.114234|-2.17|0.06|10|E|
|S|6380|11443|0.01|-0.59|0.00|-88.113662|42.114234|-2.17|0.06|10|E|
|S|6380|11468|0.01|-0.60|0.00|-88.113662|42.114234|-2.18|0.06|10|E|
|S|6380|11489|0.01|-0.60|0.00|-88.113662|42.114234|-2.17|0.06|10|E|
|S|6380|11514|0.01|-0.58|0.00|-88.113662|42.114234|-2.18|0.06|10|E|
|S|6380|11536|0.01|-0.58|0.00|-88.113662|42.114234|-2.18|0.06|10|E|
|S|6380|11561|0.01|-0.60|0.00|-88.113662|42.114234|-2.19|0.06|10|E|
|S|6380|11582|0.00|-0.61|0.00|-88.113662|42.114234|-2.18|0.06|10|E|
|S|6380|11609|0.01|-0.59|0.00|-88.113662|42.114234|-2.18|0.06|10|E|
|S|6380|11634|0.01|-0.59|0.00|-88.113662|42.114234|-2.18|0.06|10|E|
|S|6380|11655|0.01|-0.59|0.00|-88.113662|42.114234|-2.18|0.06|10|E|
|S|6380|11680|0.01|-0.60|0.00|-88.113662|42.114234|-2.18|0.06|10|E|
|S|6380|11702|0.01|-0.60|0.00|-88.113662|42.114234|-2.19|0.06|10|E|
|S|6380|11727|0.02|-0.59|0.00|-88.113662|42.114234|-2.18|0.06|10|E|
|S|6380|11748|0.01|-0.59|0.00|-88.113662|42.114234|-2.18|0.06|10|E|
|S|6380|11773|0.01|-0.58|0.00|-88.113662|42.114234|-2.17|0.06|10|E|
|S|6380|11799|0.01|-0.59|0.00|-88.113662|42.114234|-2.18|0.06|10|E|
|S|6380|11825|0.01|-0.58|0.00|-88.113662|42.114234|-2.18|0.06|10|E|
|S|6380|11850|0.01|-0.58|0.00|-88.113662|42.114234|-2.18|0.06|10|E|
|S|6380|11876|0.01|-0.58|0.00|-88.113662|42.114234|-2.17|0.06|10|E|
|S|6380|11901|0.01|-0.58|0.00|-88.113662|42.114234|-2.18|0.06|10|E|
|S|6380|11927|0.01|-0.58|0.00|-88.113662|42.114234|-2.18|0.06|10|E|
|S|6380|11953|0.01|-0.59|0.00|-88.113662|42.114234|-2.18|0.06|10|E|
|S|6380|11978|0.02|-0.59|0.00|-88.113662|42.114234|-2.18|0.06|10|E|
|S|6380|12004|0.01|-0.59|0.00|-88.113662|42.114234|-2.17|0.06|10|E|
|S|6380|12029|0.01|-0.58|0.00|-88.113662|42.114234|-2.18|0.06|10|E|
|S|6380|12055|0.01|-0.58|0.00|-88.113662|42.114234|-2.18|0.06|10|E|
|S|6380|12081|0.00|-0.58|0.00|-88.113662|42.114234|-2.19|0.06|10|E|
|S|6380|12106|0.01|-0.58|0.00|-88.113662|42.114234|-2.19|0.06|10|E|
|S|6380|12132|0.00|-0.58|0.00|-88.113662|42.114234|-2.18|0.06|10|E|
|S|6380|12158|0.01|-0.58|0.00|-88.113662|42.114234|-2.19|0.06|10|E|
|S|6380|12179|0.01|-0.58|0.00|-88.113662|42.114234|-2.19|0.06|10|E|
|S|6380|12205|0.01|-0.58|0.00|-88.113662|42.114234|-2.18|0.35|10|E|
|S|6380|12226|0.01|-0.59|0.00|-88.113662|42.114234|-2.18|0.35|10|E|
|S|6380|12247|0.00|-0.57|0.00|-88.113662|42.114234|-2.19|0.35|10|E|
|S|6380|12273|0.00|-0.58|0.00|-88.113662|42.114234|-2.19|0.35|10|E|
|S|6380|12294|0.01|-0.58|0.00|-88.113662|42.114234|-2.18|0.35|10|E|
|S|6380|12319|0.01|-0.57|0.00|-88.113662|42.114234|-2.19|0.35|10|E|
|S|6380|12341|0.01|-0.58|0.00|-88.113662|42.114234|-2.19|0.35|10|E|
|S|6380|12366|0.00|-0.58|0.00|-88.113662|42.114234|-2.18|0.35|10|E|
|S|6380|12388|0.00|-0.58|0.00|-88.113662|42.114234|-2.19|0.35|10|E|
|S|6380|12413|-0.00|-0.58|0.00|-88.113662|42.114234|-2.19|0.35|10|E|
|S|6380|12439|0.01|-0.58|0.00|-88.113662|42.114234|-2.19|0.35|10|E|
|S|6380|12460|0.02|-0.58|0.00|-88.113662|42.114234|-2.19|0.35|10|E|
|S|6380|12485|0.01|-0.58|0.00|-88.113662|42.114234|-2.19|0.35|10|E|
|S|6380|12507|0.01|-0.58|0.00|-88.113662|42.114234|-2.19|0.35|10|E|
|S|6380|12532|0.00|-0.58|0.00|-88.113662|42.114234|-2.19|0.35|10|E|
|S|6380|12553|0.00|-0.58|0.00|-88.113662|42.114234|-2.20|0.35|10|E|
|S|6380|12579|0.01|-0.58|0.00|-88.113662|42.114234|-2.19|0.35|10|E|
|S|6380|12605|0.01|-0.58|0.00|-88.113662|42.114234|-2.20|0.35|10|E|
|S|6380|12631|0.01|-0.57|0.00|-88.113662|42.114234|-2.20|0.35|10|E|
|S|6380|12657|0.01|-0.58|0.00|-88.113662|42.114234|-2.20|0.35|10|E|
|S|6380|12678|-0.01|-0.57|0.00|-88.113662|42.114234|-2.19|0.35|10|E|
|S|6380|12703|0.01|-0.57|0.00|-88.113662|42.114234|-2.19|0.35|10|E|
|S|6380|12724|0.01|-0.58|0.00|-88.113662|42.114234|-2.20|0.35|10|E|
|S|6380|12749|-0.00|-0.58|0.00|-88.113662|42.114234|-2.19|0.35|10|E|
|S|6380|12770|0.01|-0.58|0.00|-88.113662|42.114234|-2.19|0.35|10|E|
|S|6380|12795|0.01|-0.57|0.00|-88.113662|42.114234|-2.19|0.35|10|E|
|S|6380|12816|0.01|-0.57|0.00|-88.113662|42.114234|-2.19|0.35|10|E|
|S|6380|12841|0.01|-0.56|0.00|-88.113662|42.114234|-2.19|0.35|10|E|
|S|6380|12862|0.01|-0.56|0.00|-88.113662|42.114234|-2.18|0.35|10|E|
|S|6380|12888|0.00|-0.57|0.00|-88.113662|42.114234|-2.19|0.35|10|E|
|S|6380|12913|0.01|-0.58|0.00|-88.113662|42.114234|-2.19|0.35|10|E|
|S|6380|12934|0.00|-0.58|0.00|-88.113662|42.114234|-2.20|0.35|10|E|
|S|6380|12959|0.01|-0.58|0.00|-88.113662|42.114234|-2.20|0.35|10|E|
|S|6380|12980|-0.01|-0.56|0.00|-88.113662|42.114234|-2.20|0.35|10|E|
|S|6380|13005|0.01|-0.49|0.00|-88.113662|42.114234|-2.20|0.35|10|E|
|S|6380|13026|0.04|-0.45|0.00|-88.113662|42.114234|-2.17|0.35|10|E|
|S|6380|13051|0.01|-0.43|0.00|-88.113662|42.114234|-2.17|0.35|10|E|
|S|6380|13077|0.03|-0.44|0.00|-88.113662|42.114234|-2.15|0.35|10|E|
|S|6380|13103|-0.01|-0.42|0.00|-88.113662|42.114234|-2.15|0.35|10|E|
|S|6380|13128|0.01|-0.38|0.00|-88.113662|42.114234|-2.14|0.35|10|E|
|S|6380|13150|0.02|-0.37|0.00|-88.113662|42.114234|-2.13|0.35|10|E|
|S|6380|13176|-0.01|-0.36|0.00|-88.113662|42.114234|-2.12|0.35|10|E|
|S|6380|13197|0.00|-0.34|0.00|-88.113662|42.114231|-2.12|0.10|10|E|
|S|6380|13222|-0.01|-0.29|0.00|-88.113662|42.114231|-2.12|0.10|10|E|
|S|6380|13244|-0.02|-0.28|0.00|-88.113662|42.114231|-2.10|0.10|10|E|
|S|6380|13265|0.00|-0.29|0.00|-88.113662|42.114231|-2.10|0.10|10|E|
|S|6380|13286|-0.01|-0.26|0.00|-88.113662|42.114231|-2.10|0.10|10|E|
|S|6380|13312|-0.00|-0.24|0.00|-88.113662|42.114231|-2.09|0.10|9|E|
|S|6380|13333|-0.01|-0.21|0.00|-88.113662|42.114231|-2.09|0.10|9|E|
|S|6380|13359|0.00|-0.22|0.00|-88.113662|42.114231|-2.09|0.10|9|E|
|S|6380|13380|-0.01|-0.23|0.00|-88.113662|42.114231|-2.08|0.10|9|E|
|S|6380|13401|-0.03|-0.22|0.00|-88.113662|42.114231|-2.08|0.10|9|E|
|S|6380|13426|-0.02|-0.18|0.00|-88.113662|42.114231|-2.08|0.10|9|E|
|S|6380|13448|0.01|-0.13|0.00|-88.113662|42.114231|-2.07|0.10|9|E|
|S|6380|13473|-0.00|-0.13|0.00|-88.113662|42.114231|-2.07|0.10|9|E|
|S|6380|13495|0.00|-0.13|0.00|-88.113662|42.114231|-2.09|0.10|9|E|
|S|6380|13520|0.01|-0.12|0.00|-88.113662|42.114231|-2.11|0.10|9|E|
|S|6380|13541|-0.00|-0.11|0.00|-88.113662|42.114231|-2.12|0.10|9|E|
|S|6380|13566|0.03|-0.14|0.00|-88.113662|42.114231|-2.13|0.10|9|E|
|S|6380|13588|0.01|-0.11|0.00|-88.113662|42.114231|-2.14|0.10|9|E|
|S|6380|13614|0.00|-0.08|0.00|-88.113662|42.114231|-2.14|0.10|9|E|
|S|6380|13635|0.01|-0.10|0.00|-88.113662|42.114231|-2.14|0.10|9|E|
|S|6380|13661|0.00|-0.10|0.00|-88.113662|42.114231|-2.14|0.10|9|E|
|S|6380|13687|-0.02|-0.10|0.00|-88.113662|42.114231|-2.13|0.10|9|E|
|S|6380|13713|0.02|-0.06|0.00|-88.113662|42.114231|-2.13|0.10|9|E|
|S|6380|13739|0.00|-0.06|0.00|-88.113662|42.114231|-2.13|0.10|9|E|
|S|6380|13764|0.01|-0.11|0.00|-88.113662|42.114231|-2.12|0.10|9|E|
|S|6380|13790|0.03|-0.08|0.00|-88.113662|42.114231|-2.12|0.10|9|E|
|S|6380|13815|0.03|-0.09|0.00|-88.113662|42.114231|-2.11|0.10|9|E|
|S|6380|13841|0.01|-0.09|0.00|-88.113662|42.114231|-2.12|0.10|9|E|
|S|6380|13867|0.02|-0.11|0.00|-88.113662|42.114231|-2.11|0.10|9|E|
|S|6380|13892|0.01|-0.09|0.00|-88.113662|42.114231|-2.11|0.10|9|E|
|S|6380|13918|0.00|-0.07|0.00|-88.113662|42.114231|-2.11|0.10|9|E|
|S|6380|13943|0.02|-0.08|0.00|-88.113662|42.114231|-2.11|0.10|9|E|
|S|6380|13969|-0.00|-0.10|0.00|-88.113662|42.114231|-2.11|0.10|9|E|
|S|6380|13995|0.03|-0.12|0.00|-88.113662|42.114231|-2.11|0.10|9|E|
|S|6380|14020|-0.00|-0.07|0.00|-88.113662|42.114231|-2.11|0.10|9|E|
|S|6380|14046|0.00|-0.05|0.00|-88.113662|42.114231|-2.10|0.10|9|E|
|S|6380|14071|0.02|-0.04|0.00|-88.113662|42.114231|-2.12|0.10|9|E|
|S|6380|14092|0.03|-0.04|0.00|-88.113662|42.114231|-2.12|0.10|9|E|
|S|6380|14117|0.01|-0.05|0.00|-88.113662|42.114231|-2.12|0.10|9|E|
|S|6380|14138|0.01|-0.03|0.00|-88.113662|42.114231|-2.12|0.10|9|E|
|S|6380|14159|-0.00|-0.04|0.00|-88.113662|42.114231|-2.13|0.10|9|E|
|S|6380|14180|0.02|-0.02|0.00|-88.113662|42.114231|-2.13|0.10|9|E|
|S|6380|14201|0.01|0.03|0.00|-88.113662|42.114231|-2.13|0.29|9|E|
|S|6380|14222|0.01|0.04|0.00|-88.113662|42.114231|-2.12|0.29|9|E|
|S|6380|14248|0.01|0.05|0.00|-88.113662|42.114231|-2.15|0.29|9|E|
|S|6380|14269|0.03|0.07|0.00|-88.113662|42.114231|-2.15|0.29|9|E|
|S|6380|14290|0.01|0.06|0.00|-88.113662|42.114231|-2.16|0.29|9|E|
|S|6380|14312|0.01|0.03|0.00|-88.113662|42.114231|-2.16|0.29|10|E|
|S|6380|14338|0.02|0.10|0.00|-88.113662|42.114231|-2.15|0.29|10|E|
|S|6380|14364|0.01|0.14|0.00|-88.113662|42.114231|-2.13|0.29|10|E|
|S|6380|14390|0.03|0.20|0.00|-88.113662|42.114231|-2.12|0.29|10|E|
|S|6380|14416|-0.02|0.21|0.00|-88.113662|42.114231|-2.11|0.29|10|E|
|S|6380|14437|-0.00|0.21|0.00|-88.113662|42.114231|-2.10|0.29|10|E|
|S|6380|14464|0.03|0.26|0.00|-88.113662|42.114231|-2.10|0.29|10|E|
|S|6380|14489|0.05|0.34|0.00|-88.113662|42.114231|-2.10|0.29|10|E|
|S|6380|14510|0.07|0.34|0.00|-88.113662|42.114231|-2.10|0.29|10|E|
|S|6380|14531|0.05|0.36|0.00|-88.113662|42.114231|-2.11|0.29|10|E|
|S|6380|14552|0.05|0.38|0.00|-88.113662|42.114231|-2.11|0.29|10|E|
|S|6380|14578|0.09|0.45|0.00|-88.113662|42.114231|-2.11|0.29|10|E|
|S|6380|14604|0.07|0.42|0.00|-88.113662|42.114231|-2.11|0.29|10|E|
|S|6380|14630|0.04|0.40|0.00|-88.113662|42.114231|-2.10|0.29|10|E|
|S|6380|14656|0.04|0.43|0.00|-88.113662|42.114231|-2.08|0.29|10|E|
|S|6380|14682|0.07|0.44|0.00|-88.113662|42.114231|-2.08|0.29|10|E|
|S|6380|14708|0.07|0.49|0.00|-88.113662|42.114231|-2.06|0.29|10|E|
|S|6380|14734|0.09|0.53|0.00|-88.113662|42.114231|-2.05|0.29|10|E|
|S|6380|14759|0.02|0.48|0.00|-88.113662|42.114231|-2.03|0.29|10|E|
|S|6380|14780|0.05|0.54|0.00|-88.113662|42.114231|-2.02|0.29|10|E|
|S|6380|14806|0.06|0.57|0.00|-88.113662|42.114231|-2.01|0.29|10|E|
|S|6380|14832|0.03|0.62|0.00|-88.113662|42.114231|-2.00|0.29|10|E|
|S|6380|14858|0.06|0.70|0.00|-88.113662|42.114231|-1.99|0.29|10|E|
|S|6380|14883|0.06|0.67|0.00|-88.113662|42.114231|-1.98|0.29|10|E|
|S|6380|14909|0.09|0.72|0.00|-88.113662|42.114231|-1.98|0.29|10|E|
|S|6380|14935|0.06|0.74|0.00|-88.113662|42.114231|-1.98|0.29|10|E|
|S|6380|14960|0.04|0.74|0.00|-88.113662|42.114231|-1.97|0.29|10|E|
|S|6380|14981|0.02|0.73|0.00|-88.113662|42.114231|-1.97|0.29|10|E|
|S|6380|15006|0.03|0.78|0.00|-88.113662|42.114231|-1.97|0.29|10|E|
|S|6380|15027|0.03|0.78|0.00|-88.113662|42.114231|-1.97|0.29|10|E|
|S|6380|15052|0.02|0.76|0.00|-88.113662|42.114231|-1.97|0.29|10|E|
|S|6380|15073|0.04|0.83|0.00|-88.113662|42.114231|-1.97|0.29|10|E|
|S|6380|15098|0.02|0.86|0.00|-88.113662|42.114231|-1.95|0.29|10|E|
|S|6380|15119|0.04|0.83|0.00|-88.113662|42.114231|-1.96|0.29|10|E|
|S|6380|15140|0.04|0.88|0.00|-88.113662|42.114231|-1.96|0.29|10|E|
|S|6380|15161|0.05|0.92|0.00|-88.113662|42.114231|-1.96|0.29|10|E|
|S|6380|15182|0.04|0.95|0.00|-88.113662|42.114231|-1.95|0.29|10|E|
|S|6380|15203|0.04|0.91|0.00|-88.113662|42.114231|-1.96|0.13|10|E|
|S|6380|15229|0.05|0.89|0.00|-88.113662|42.114231|-1.96|0.13|10|E|
|S|6380|15255|0.05|1.00|0.00|-88.113662|42.114231|-1.96|0.13|10|E|
|S|6380|15277|0.05|0.92|0.00|-88.113662|42.114231|-1.96|0.13|10|E|
|S|6380|15302|0.06|0.92|0.00|-88.113662|42.114231|-1.96|0.13|10|E|
|S|6380|15324|0.04|0.90|0.00|-88.113662|42.114231|-1.96|0.13|10|E|
|S|6380|15349|0.07|0.93|0.00|-88.113662|42.114231|-1.97|0.13|10|E|
|S|6380|15371|0.05|0.95|0.00|-88.113662|42.114231|-1.96|0.13|10|E|
|S|6380|15396|0.06|0.90|0.00|-88.113662|42.114231|-1.96|0.13|10|E|
|S|6380|15417|0.09|0.93|0.00|-88.113662|42.114231|-1.97|0.13|10|E|
|S|6380|15438|0.09|0.95|0.00|-88.113662|42.114231|-1.97|0.13|10|E|
|S|6380|15459|0.07|0.96|0.00|-88.113662|42.114231|-1.97|0.13|10|E|
|S|6380|15485|0.04|0.87|0.00|-88.113662|42.114231|-1.98|0.13|10|E|
|S|6380|15511|0.04|0.93|0.00|-88.113662|42.114231|-1.98|0.13|10|E|
|S|6380|15532|0.03|0.91|0.00|-88.113662|42.114231|-1.99|0.13|10|E|
|S|6380|15557|0.05|0.88|0.00|-88.113662|42.114231|-1.99|0.13|10|E|
|S|6380|15579|0.03|0.87|0.00|-88.113662|42.114231|-2.00|0.13|10|E|
|S|6380|15604|0.06|0.91|0.00|-88.113662|42.114231|-2.00|0.13|10|E|
|S|6380|15626|0.05|0.88|0.00|-88.113662|42.114231|-2.00|0.13|10|E|
|S|6380|15651|0.06|0.91|0.00|-88.113662|42.114231|-2.00|0.13|10|E|
|S|6380|15672|0.05|0.88|0.00|-88.113662|42.114231|-2.00|0.13|10|E|
|S|6380|15697|0.06|0.93|0.00|-88.113662|42.114231|-2.00|0.13|10|E|
|S|6380|15718|0.06|0.92|0.00|-88.113662|42.114231|-2.00|0.13|10|E|
|S|6380|15739|0.07|0.88|0.00|-88.113662|42.114231|-1.99|0.13|10|E|
|S|6380|15765|0.08|0.89|0.00|-88.113662|42.114231|-1.99|0.13|10|E|
|S|6380|15791|0.07|0.91|0.00|-88.113662|42.114231|-1.99|0.13|10|E|
|S|6380|15816|0.05|0.87|0.00|-88.113662|42.114231|-1.98|0.13|10|E|
|S|6380|15837|0.04|0.88|0.00|-88.113662|42.114231|-1.98|0.13|10|E|
|S|6380|15862|0.03|0.89|0.00|-88.113662|42.114231|-1.98|0.13|10|E|
|S|6380|15883|0.04|0.89|0.00|-88.113662|42.114231|-1.98|0.13|10|E|
|S|6380|15908|0.06|0.89|0.00|-88.113662|42.114231|-1.98|0.13|10|E|
|S|6380|15930|0.05|0.87|0.00|-88.113662|42.114231|-1.98|0.13|10|E|
|S|6380|15955|0.06|0.90|0.00|-88.113662|42.114231|-1.98|0.13|10|E|
|S|6380|15981|0.07|0.90|0.00|-88.113662|42.114231|-1.99|0.13|10|E|
|S|6380|16007|0.05|0.86|0.00|-88.113662|42.114231|-1.98|0.13|10|E|
|S|6380|16032|0.04|0.84|0.00|-88.113662|42.114231|-1.97|0.13|10|E|
|S|6380|16058|0.05|0.86|0.00|-88.113662|42.114231|-1.95|0.13|10|E|
|S|6380|16083|0.04|0.80|0.00|-88.113662|42.114231|-1.92|0.13|10|E|
|S|6380|16104|0.05|0.77|0.00|-88.113662|42.114231|-1.91|0.13|10|E|
|S|6380|16130|0.03|0.75|0.00|-88.113662|42.114231|-1.90|0.13|10|E|
|S|6380|16156|0.02|0.68|0.00|-88.113662|42.114231|-1.88|0.13|10|E|
|S|6380|16177|0.03|0.66|0.00|-88.113662|42.114231|-1.88|0.13|10|E|
|S|6380|16198|0.03|0.65|0.00|-88.113662|42.114231|-1.88|0.07|10|E|
|S|6380|16219|0.02|0.65|0.00|-88.113662|42.114231|-1.89|0.07|10|E|
|S|6380|16240|-0.06|0.57|0.00|-88.113662|42.114231|-1.88|0.07|10|E|
|S|6380|16262|-0.03|0.47|0.00|-88.113662|42.114231|-1.88|0.07|10|E|
|S|6380|16287|0.04|0.35|0.00|-88.113662|42.114231|-1.89|0.07|10|E|
|S|6380|16308|0.04|0.37|0.00|-88.113662|42.114231|-1.89|0.07|10|E|
|S|6380|16329|0.01|0.38|0.00|-88.113662|42.114231|-1.89|0.07|10|E|
|S|6380|16351|-0.02|0.33|0.00|-88.113662|42.114231|-1.90|0.07|10|E|
|S|6380|16376|-0.03|0.25|0.00|-88.113662|42.114231|-1.92|0.07|10|E|
|S|6380|16397|-0.01|0.19|0.00|-88.113662|42.114231|-1.93|0.07|10|E|
|S|6380|16418|0.01|0.12|0.00|-88.113662|42.114231|-1.94|0.07|10|E|
|S|6380|16440|-0.01|0.11|0.00|-88.113662|42.114231|-1.94|0.07|10|E|
|S|6380|16465|-0.02|0.07|0.00|-88.113662|42.114231|-1.96|0.07|10|E|
|S|6380|16486|0.01|0.03|0.00|-88.113662|42.114231|-1.95|0.07|10|E|
|S|6380|16507|-0.00|0.03|0.00|-88.113662|42.114231|-1.96|0.07|10|E|
|S|6380|16529|-0.03|0.02|0.00|-88.113662|42.114231|-1.97|0.07|10|E|
|S|6380|16555|0.00|0.02|0.00|-88.113662|42.114231|-1.97|0.07|10|E|
|S|6380|16581|0.01|0.03|0.00|-88.113662|42.114231|-1.98|0.07|10|E|
|S|6380|16602|0.00|0.02|0.00|-88.113662|42.114231|-1.98|0.07|10|E|
|S|6380|16627|0.02|0.03|0.00|-88.113662|42.114231|-1.99|0.07|10|E|
|S|6380|16649|0.00|0.02|0.00|-88.113662|42.114231|-1.99|0.07|10|E|
|S|6380|16670|0.01|0.01|0.00|-88.113662|42.114231|-2.00|0.07|10|E|
|S|6380|16691|0.00|0.01|0.00|-88.113662|42.114231|-2.00|0.07|10|E|
|S|6380|16716|-0.02|0.02|0.00|-88.113662|42.114231|-2.00|0.07|10|E|
|S|6380|16737|-0.01|0.03|0.00|-88.113662|42.114231|-2.01|0.07|10|E|
|S|6380|16758|0.02|0.01|0.00|-88.113662|42.114231|-2.01|0.07|10|E|
|S|6380|16784|0.02|0.09|0.00|-88.113662|42.114231|-2.02|0.07|10|E|
|S|6380|16809|-0.11|0.10|0.00|-88.113662|42.114231|-2.04|0.07|10|E|
|S|6380|16830|-0.18|0.09|0.00|-88.113662|42.114231|-2.05|0.07|10|E|
|S|6380|16856|-0.16|0.01|0.00|-88.113662|42.114231|-2.07|0.07|10|E|
|S|6380|16881|-0.08|-0.02|0.00|-88.113662|42.114231|-2.09|0.07|10|E|
|S|6380|16902|-0.18|0.07|0.00|-88.113662|42.114231|-2.11|0.07|10|E|
|S|6380|16923|-0.24|0.06|0.00|-88.113662|42.114231|-2.13|0.07|10|E|
|S|6380|16949|-0.26|-0.04|0.00|-88.113662|42.114231|-2.14|0.07|10|E|
|S|6380|16974|-0.17|-0.04|0.00|-88.113662|42.114231|-2.17|0.07|10|E|
|S|6380|16995|-0.26|0.04|0.00|-88.113662|42.114231|-2.18|0.07|10|E|
|S|6380|17020|-0.33|0.08|0.00|-88.113662|42.114231|-2.19|0.07|10|E|
|S|6380|17041|-0.34|-0.02|0.00|-88.113662|42.114231|-2.20|0.07|10|E|
|S|6380|17068|-0.32|-0.13|0.00|-88.113662|42.114231|-2.22|0.07|10|E|
|S|6380|17093|-0.34|-0.04|0.00|-88.113662|42.114231|-2.24|0.07|10|E|
|S|6380|17119|-0.47|-0.07|0.00|-88.113662|42.114231|-2.25|0.07|10|E|
|S|6380|17144|-0.46|-0.13|0.00|-88.113662|42.114231|-2.26|0.07|10|E|
|S|6380|17167|-0.43|-0.11|0.00|-88.113662|42.114231|-2.27|0.07|10|E|
|S|6380|17192|-0.41|-0.05|0.00|-88.113662|42.114231|-2.30|0.43|10|E|
|S|6380|17213|-0.46|-0.09|0.00|-88.113662|42.114231|-2.30|0.43|10|E|
|S|6380|17239|-0.49|-0.16|0.00|-88.113662|42.114231|-2.31|0.43|10|E|
|S|6380|17260|-0.61|-0.30|0.00|-88.113662|42.114231|-2.32|0.43|10|E|
|S|6380|17282|-0.43|-0.16|0.00|-88.113662|42.114231|-2.35|0.43|10|E|
|S|6380|17307|-0.53|-0.11|0.00|-88.113662|42.114231|-2.38|0.43|10|E|
|S|6380|17328|-0.61|-0.08|0.00|-88.113662|42.114231|-2.39|0.43|10|E|
|S|6380|17349|-0.66|-0.17|0.00|-88.113662|42.114231|-2.40|0.43|10|E|
|S|6380|17370|-0.66|-0.22|0.00|-88.113662|42.114231|-2.41|0.43|10|E|
|S|6380|17396|-0.72|-0.22|0.00|-88.113662|42.114231|-2.43|0.43|10|E|
|S|6380|17417|-0.71|-0.21|0.00|-88.113662|42.114231|-2.43|0.43|10|E|
|S|6380|17442|-0.80|-0.24|0.00|-88.113662|42.114231|-2.43|0.43|10|E|
|S|6380|17464|-0.72|-0.22|0.00|-88.113662|42.114231|-2.44|0.43|10|E|
|S|6380|17489|-0.67|-0.24|0.00|-88.113662|42.114231|-2.44|0.43|10|E|
|S|6380|17511|-0.65|-0.22|0.00|-88.113662|42.114231|-2.43|0.43|10|E|
|S|6380|17537|-0.67|-0.25|0.00|-88.113662|42.114231|-2.43|0.43|10|E|
|S|6380|17563|-0.70|-0.24|0.00|-88.113662|42.114231|-2.43|0.43|10|E|
|S|6380|17589|-0.70|-0.19|0.00|-88.113662|42.114231|-2.44|0.43|10|E|
|S|6380|17614|-0.68|-0.15|0.00|-88.113662|42.114231|-2.43|0.43|10|E|
|S|6380|17635|-0.69|-0.17|0.00|-88.113662|42.114231|-2.43|0.43|10|E|
|S|6380|17656|-0.71|-0.18|0.00|-88.113662|42.114231|-2.44|0.43|10|E|
|S|6380|17677|-0.69|-0.21|0.00|-88.113662|42.114231|-2.43|0.43|10|E|
|S|6380|17703|-0.68|-0.20|0.00|-88.113662|42.114231|-2.43|0.43|10|E|
|S|6380|17729|-0.73|-0.21|0.00|-88.113662|42.114231|-2.43|0.43|10|E|
|S|6380|17755|-0.73|-0.21|0.00|-88.113662|42.114231|-2.43|0.43|10|E|
|S|6380|17780|-0.74|-0.22|0.00|-88.113662|42.114231|-2.43|0.43|10|E|
|S|6380|17806|-0.72|-0.24|0.00|-88.113662|42.114231|-2.43|0.43|10|E|
|S|6380|17831|-0.73|-0.23|0.00|-88.113662|42.114231|-2.43|0.43|10|E|
|S|6380|17857|-0.74|-0.20|0.00|-88.113662|42.114231|-2.43|0.43|10|E|
|S|6380|17878|-0.73|-0.22|0.00|-88.113662|42.114231|-2.43|0.43|10|E|
|S|6380|17903|-0.71|-0.21|0.00|-88.113662|42.114231|-2.43|0.43|10|E|
|S|6380|17924|-0.72|-0.23|0.00|-88.113662|42.114231|-2.43|0.43|10|E|
|S|6380|17949|-0.73|-0.23|0.00|-88.113662|42.114231|-2.43|0.43|10|E|
|S|6380|17971|-0.70|-0.20|0.00|-88.113662|42.114231|-2.43|0.43|10|E|
|S|6380|17996|-0.73|-0.20|0.00|-88.113662|42.114231|-2.43|0.43|10|E|
|S|6380|18022|-0.73|-0.21|0.00|-88.113662|42.114231|-2.43|0.43|10|E|
|S|6380|18048|-0.72|-0.22|0.00|-88.113662|42.114231|-2.43|0.43|10|E|
|S|6380|18073|-0.70|-0.19|0.00|-88.113662|42.114231|-2.43|0.43|10|E|
|S|6380|18099|-0.73|-0.22|0.00|-88.113662|42.114231|-2.43|0.43|10|E|
|S|6380|18124|-0.72|-0.22|0.00|-88.113662|42.114231|-2.43|0.43|10|E|
|S|6380|18145|-0.72|-0.21|0.00|-88.113662|42.114231|-2.43|0.43|10|E|
|S|6380|18166|-0.72|-0.22|0.00|-88.113662|42.114231|-2.43|0.43|10|E|
|S|6380|18188|-0.72|-0.21|0.00|-88.113662|42.114231|-2.42|0.63|10|E|
|S|6380|18213|-0.73|-0.19|0.00|-88.113662|42.114231|-2.42|0.63|10|E|
|S|6380|18234|-0.71|-0.19|0.00|-88.113662|42.114231|-2.42|0.63|10|E|
|S|6380|18255|-0.71|-0.21|0.00|-88.113662|42.114231|-2.42|0.63|10|E|
|S|6380|18277|-0.70|-0.22|0.00|-88.113662|42.114231|-2.42|0.63|10|E|
|S|6380|18302|-0.69|-0.20|0.00|-88.113662|42.114231|-2.42|0.63|10|E|
|S|6380|18323|-0.67|-0.12|0.00|-88.113662|42.114231|-2.41|0.63|10|E|
|S|6380|18344|-0.68|-0.14|0.00|-88.113662|42.114231|-2.41|0.63|10|E|
|S|6380|18365|-0.67|-0.18|0.00|-88.113662|42.114231|-2.40|0.63|10|E|
|S|6380|18392|-0.62|-0.17|0.00|-88.113662|42.114231|-2.39|0.63|10|E|
|S|6380|18417|-0.63|-0.12|0.00|-88.113662|42.114231|-2.36|0.63|10|E|
|S|6380|18438|-0.58|-0.08|0.00|-88.113662|42.114231|-2.35|0.63|10|E|
|S|6380|18459|-0.60|-0.11|0.00|-88.113662|42.114231|-2.33|0.63|10|E|
|S|6380|18480|-0.57|-0.16|0.00|-88.113662|42.114231|-2.31|0.63|10|E|
|S|6380|18506|-0.47|-0.10|0.00|-88.113662|42.114231|-2.28|0.63|10|E|
|S|6380|18532|-0.46|-0.05|0.00|-88.113662|42.114231|-2.25|0.63|10|E|
|S|6380|18557|-0.42|-0.09|0.00|-88.113662|42.114231|-2.23|0.63|10|E|
|S|6380|18578|-0.37|-0.06|0.00|-88.113662|42.114231|-2.23|0.63|10|E|
|S|6380|18599|-0.33|-0.02|0.00|-88.113662|42.114231|-2.21|0.63|10|E|
|S|6380|18620|-0.30|-0.02|0.00|-88.113662|42.114231|-2.18|0.63|10|E|
|S|6380|18647|-0.28|-0.05|0.00|-88.113662|42.114231|-2.18|0.63|10|E|
|S|6380|18672|-0.23|-0.05|0.00|-88.113662|42.114231|-2.15|0.63|10|E|
|S|6380|18693|-0.17|-0.05|0.00|-88.113662|42.114231|-2.14|0.63|10|E|
|S|6380|18718|-0.14|-0.06|0.00|-88.113662|42.114231|-2.12|0.63|10|E|
|S|6380|18739|-0.13|-0.11|0.00|-88.113662|42.114231|-2.10|0.63|10|E|
|S|6380|18760|-0.13|-0.10|0.00|-88.113662|42.114231|-2.08|0.63|10|E|
|S|6380|18786|-0.10|-0.09|0.00|-88.113662|42.114231|-2.05|0.63|10|E|
|S|6380|18811|-0.05|-0.08|0.00|-88.113662|42.114231|-2.03|0.63|10|E|
|S|6380|18837|-0.05|-0.08|0.00|-88.113662|42.114231|-2.00|0.63|10|E|
|S|6380|18863|0.05|-0.07|0.00|-88.113662|42.114231|-1.99|0.63|10|E|
|S|6380|18888|0.09|-0.07|0.00|-88.113662|42.114231|-1.96|0.63|10|E|
|S|6380|18909|0.14|-0.10|0.00|-88.113662|42.114231|-1.94|0.63|10|E|
|S|6380|18934|0.16|-0.03|0.00|-88.113662|42.114231|-1.91|0.63|10|E|
|S|6380|18956|0.21|-0.01|0.00|-88.113662|42.114231|-1.88|0.63|10|E|
|S|6380|18981|0.21|-0.03|0.00|-88.113662|42.114231|-1.87|0.63|10|E|
|S|6380|19002|0.24|-0.03|0.00|-88.113662|42.114231|-1.84|0.63|10|E|
|S|6380|19027|0.27|-0.04|0.00|-88.113662|42.114231|-1.82|0.63|10|E|
|S|6380|19048|0.28|-0.04|0.00|-88.113662|42.114231|-1.81|0.63|10|E|
|S|6380|19074|0.34|-0.04|0.00|-88.113662|42.114231|-1.79|0.63|10|E|
|S|6380|19095|0.38|-0.04|0.00|-88.113662|42.114231|-1.76|0.63|10|E|
|S|6380|19116|0.37|-0.02|0.00|-88.113662|42.114231|-1.75|0.63|10|E|
|S|6380|19142|0.37|-0.05|0.00|-88.113662|42.114231|-1.74|0.63|10|E|
|S|6380|19163|0.39|-0.08|0.00|-88.113662|42.114231|-1.72|0.63|10|E|
|S|6380|19184|0.43|-0.11|0.00|-88.113662|42.114231|-1.71|0.63|10|E|
|S|6380|19205|0.45|-0.11|0.00|-88.113662|42.114231|-1.70|0.74|10|E|
|S|6380|19231|0.47|-0.08|0.00|-88.113662|42.114231|-1.68|0.74|10|E|
|S|6380|19252|0.48|-0.07|0.00|-88.113662|42.114231|-1.68|0.74|10|E|
|S|6380|19273|0.48|-0.07|0.00|-88.113662|42.114231|-1.66|0.74|10|E|
|S|6380|19295|0.49|-0.06|0.00|-88.113662|42.114231|-1.65|0.74|10|E|
|S|6380|19320|0.51|-0.05|0.00|-88.113662|42.114231|-1.64|0.74|10|E|
|S|6380|19341|0.52|-0.07|0.00|-88.113662|42.114231|-1.63|0.74|10|E|
|S|6380|19366|0.53|-0.06|0.00|-88.113662|42.114231|-1.63|0.74|10|E|
|S|6380|19388|0.57|-0.04|0.00|-88.113662|42.114231|-1.61|0.74|10|E|
|S|6380|19409|0.56|-0.03|0.00|-88.113662|42.114231|-1.61|0.74|10|E|
|S|6380|19435|0.56|-0.05|0.00|-88.113662|42.114231|-1.59|0.74|10|E|
|S|6380|19456|0.56|-0.05|0.00|-88.113662|42.114231|-1.60|0.74|10|E|
|S|6380|19481|0.58|-0.05|0.00|-88.113662|42.114231|-1.58|0.74|10|E|
|S|6380|19503|0.60|-0.04|0.00|-88.113662|42.114231|-1.57|0.74|10|E|
|S|6380|19528|0.61|-0.04|0.00|-88.113662|42.114231|-1.56|0.74|10|E|
|S|6380|19550|0.65|-0.03|0.00|-88.113662|42.114231|-1.56|0.74|10|E|
|S|6380|19575|0.66|-0.08|0.00|-88.113662|42.114231|-1.55|0.74|10|E|
|S|6380|19596|0.67|-0.09|0.00|-88.113662|42.114231|-1.55|0.74|10|E|
|S|6380|19621|0.68|-0.07|0.00|-88.113662|42.114231|-1.55|0.74|10|E|
|S|6380|19643|0.68|-0.09|0.00|-88.113662|42.114231|-1.54|0.74|10|E|
|S|6380|19668|0.68|-0.09|0.00|-88.113662|42.114231|-1.53|0.74|10|E|
|S|6380|19690|0.65|-0.07|0.00|-88.113662|42.114231|-1.53|0.74|10|E|
|S|6380|19716|0.67|-0.08|0.00|-88.113662|42.114231|-1.53|0.74|10|E|
|S|6380|19741|0.68|-0.06|0.00|-88.113662|42.114231|-1.53|0.74|10|E|
|S|6380|19767|0.68|-0.07|0.00|-88.113662|42.114231|-1.53|0.74|10|E|
|S|6380|19792|0.69|-0.09|0.00|-88.113662|42.114231|-1.54|0.74|10|E|
|S|6380|19813|0.68|-0.07|0.00|-88.113662|42.114231|-1.53|0.74|10|E|
|S|6380|19838|0.69|-0.06|0.00|-88.113662|42.114231|-1.52|0.74|10|E|
|S|6380|19859|0.67|-0.07|0.00|-88.113662|42.114231|-1.53|0.74|10|E|
|S|6380|19885|0.67|-0.09|0.00|-88.113662|42.114231|-1.52|0.74|10|E|
|S|6380|19906|0.64|-0.06|0.00|-88.113662|42.114231|-1.53|0.74|10|E|
|S|6380|19932|0.70|-0.06|0.00|-88.113662|42.114231|-1.53|0.74|10|E|
|S|6380|19957|0.69|-0.07|0.00|-88.113662|42.114231|-1.54|0.74|10|E|
|S|6380|19983|0.66|-0.09|0.00|-88.113662|42.114231|-1.54|0.74|10|E|
|S|6380|20008|0.67|-0.09|0.00|-88.113662|42.114231|-1.53|0.74|10|E|
|S|6380|20029|0.68|-0.08|0.00|-88.113662|42.114231|-1.54|0.74|10|E|
|S|6380|20055|0.68|-0.07|0.00|-88.113662|42.114231|-1.54|0.74|10|E|
|S|6380|20080|0.67|-0.08|0.00|-88.113662|42.114231|-1.54|0.74|10|E|
|S|6380|20101|0.64|-0.13|0.00|-88.113662|42.114231|-1.55|0.74|10|E|
|S|6380|20126|0.59|-0.07|0.00|-88.113662|42.114231|-1.56|0.74|10|E|
|S|6380|20147|0.59|-0.06|0.00|-88.113662|42.114231|-1.57|0.74|10|E|
|S|6380|20168|0.56|-0.06|0.00|-88.113662|42.114231|-1.59|0.74|10|E|
|S|6380|20190|0.52|-0.02|0.00|-88.113670|42.114231|-1.59|0.47|10|E|
|S|6380|20216|0.50|-0.06|0.00|-88.113670|42.114231|-1.61|0.47|10|E|
|S|6380|20242|0.51|-0.07|0.00|-88.113670|42.114231|-1.63|0.47|10|E|
|S|6380|20263|0.48|-0.07|0.00|-88.113670|42.114231|-1.63|0.47|10|E|
|S|6380|20284|0.44|-0.04|0.00|-88.113670|42.114231|-1.64|0.47|10|E|
|S|6380|20305|0.43|-0.00|0.00|-88.113670|42.114231|-1.67|0.47|10|E|
|S|6380|20327|0.43|-0.00|0.00|-88.113670|42.114231|-1.69|0.47|10|E|
|S|6380|20353|0.40|0.01|0.00|-88.113670|42.114231|-1.70|0.47|10|E|
|S|6380|20379|0.37|0.02|0.00|-88.113670|42.114231|-1.72|0.47|10|E|
|S|6380|20400|0.38|0.00|0.00|-88.113670|42.114231|-1.72|0.47|10|E|
|S|6380|20425|0.34|0.01|0.00|-88.113670|42.114231|-1.73|0.47|10|E|
|S|6380|20447|0.33|0.01|0.00|-88.113670|42.114231|-1.73|0.47|10|E|
|S|6380|20468|0.32|-0.03|0.00|-88.113670|42.114231|-1.75|0.47|10|E|
|S|6380|20494|0.30|-0.07|0.00|-88.113670|42.114231|-1.76|0.47|10|E|
|S|6380|20520|0.32|-0.01|0.00|-88.113670|42.114231|-1.77|0.47|10|E|
|S|6380|20546|0.31|-0.04|0.00|-88.113670|42.114231|-1.78|0.47|10|E|
|S|6380|20567|0.28|-0.08|0.00|-88.113670|42.114231|-1.79|0.47|10|E|
|S|6380|20588|0.22|-0.03|0.00|-88.113670|42.114231|-1.81|0.47|10|E|
|S|6380|20609|0.22|-0.01|0.00|-88.113670|42.114231|-1.83|0.47|10|E|
|S|6380|20635|0.21|-0.05|0.00|-88.113670|42.114231|-1.85|0.47|10|E|
|S|6380|20656|0.18|-0.03|0.00|-88.113670|42.114231|-1.86|0.47|10|E|
|S|6380|20681|0.15|-0.01|0.00|-88.113670|42.114231|-1.89|0.47|10|E|
|S|6380|20703|0.14|-0.02|0.00|-88.113670|42.114231|-1.90|0.47|10|E|
|S|6380|20728|0.10|-0.05|0.00|-88.113670|42.114231|-1.92|0.47|10|E|
|S|6380|20749|0.10|-0.05|0.00|-88.113670|42.114231|-1.93|0.47|10|E|
|S|6380|20774|0.07|-0.08|0.00|-88.113670|42.114231|-1.95|0.47|10|E|
|S|6380|20795|0.05|-0.06|0.00|-88.113670|42.114231|-1.96|0.47|10|E|
|S|6380|20820|0.04|-0.04|0.00|-88.113670|42.114231|-1.96|0.47|10|E|
|S|6380|20841|0.02|-0.05|0.00|-88.113670|42.114231|-1.98|0.47|10|E|
|S|6380|20862|0.01|-0.06|0.00|-88.113670|42.114231|-1.99|0.47|10|E|
|S|6380|20888|-0.00|-0.07|0.00|-88.113670|42.114231|-2.00|0.47|10|E|
|S|6380|20914|-0.02|-0.07|0.00|-88.113670|42.114231|-2.01|0.47|10|E|
|S|6380|20939|-0.03|-0.07|0.00|-88.113670|42.114231|-2.02|0.47|10|E|
|S|6380|20965|-0.05|-0.08|0.00|-88.113670|42.114231|-2.03|0.47|10|E|
|S|6380|20990|-0.06|-0.06|0.00|-88.113670|42.114231|-2.04|0.47|10|E|
|S|6380|21011|-0.08|-0.04|0.00|-88.113670|42.114231|-2.04|0.47|10|E|
|S|6380|21037|-0.08|-0.06|0.00|-88.113670|42.114231|-2.05|0.47|10|E|
|S|6380|21062|-0.08|-0.02|0.00|-88.113670|42.114231|-2.07|0.47|10|E|
|S|6380|21083|-0.08|-0.00|0.00|-88.113670|42.114231|-2.08|0.47|10|E|
|S|6380|21104|-0.10|0.01|0.00|-88.113670|42.114231|-2.08|0.47|10|E|
|S|6380|21130|-0.10|0.01|0.00|-88.113670|42.114231|-2.08|0.47|10|E|
|S|6380|21156|-0.10|-0.01|0.00|-88.113670|42.114231|-2.09|0.47|10|E|
|S|6380|21177|-0.10|-0.04|0.00|-88.113670|42.114231|-2.09|0.47|10|E|
|S|6380|21198|-0.10|-0.05|0.00|-88.113670|42.114231|-2.09|0.24|10|E|
|S|6380|21219|-0.11|-0.07|0.00|-88.113670|42.114231|-2.09|0.24|10|E|
|S|6380|21245|-0.12|-0.08|0.00|-88.113670|42.114231|-2.10|0.24|10|E|
|S|6380|21271|-0.13|-0.06|0.00|-88.113670|42.114231|-2.09|0.24|10|E|
|S|6380|21298|-0.12|-0.06|0.00|-88.113670|42.114231|-2.09|0.24|10|E|
|S|6380|21323|-0.11|-0.05|0.00|-88.113670|42.114231|-2.09|0.24|10|E|
|S|6380|21344|-0.11|-0.05|0.00|-88.113670|42.114231|-2.09|0.24|10|E|
|S|6380|21365|-0.10|-0.04|0.00|-88.113670|42.114231|-2.09|0.24|10|E|
|S|6380|21386|-0.09|-0.04|0.00|-88.113670|42.114231|-2.08|0.24|10|E|
|S|6380|21411|-0.09|-0.04|0.00|-88.113670|42.114231|-2.08|0.24|10|E|
|S|6380|21432|-0.09|-0.05|0.00|-88.113670|42.114231|-2.08|0.24|10|E|
|S|6380|21453|-0.09|-0.05|0.00|-88.113670|42.114231|-2.08|0.24|10|E|
|S|6380|21474|-0.09|-0.06|0.00|-88.113670|42.114231|-2.08|0.24|10|E|
|S|6380|21500|-0.08|-0.06|0.00|-88.113670|42.114231|-2.08|0.24|10|E|
|S|6380|21526|-0.08|-0.05|0.00|-88.113670|42.114231|-2.08|0.24|10|E|
|S|6380|21547|-0.09|-0.05|0.00|-88.113670|42.114231|-2.08|0.24|10|E|
|S|6380|21572|-0.10|-0.04|0.00|-88.113670|42.114231|-2.08|0.24|10|E|
|S|6380|21594|-0.09|-0.04|0.00|-88.113670|42.114231|-2.08|0.24|10|E|
|S|6380|21619|-0.09|-0.08|0.00|-88.113670|42.114231|-2.08|0.24|10|E|
|S|6380|21641|-0.08|-0.08|0.00|-88.113670|42.114231|-2.07|0.24|10|E|
|S|6380|21666|-0.06|-0.06|0.00|-88.113670|42.114231|-2.06|0.24|10|E|
|S|6380|21687|-0.05|-0.05|0.00|-88.113670|42.114231|-2.05|0.24|10|E|
|S|6380|21712|-0.02|-0.05|0.00|-88.113670|42.114231|-2.04|0.24|10|E|
|S|6380|21734|0.01|-0.03|0.00|-88.113670|42.114231|-2.01|0.24|10|E|
|S|6380|21760|0.03|-0.03|0.00|-88.113670|42.114231|-2.00|0.24|10|E|
|S|6380|21785|0.07|-0.02|0.00|-88.113670|42.114231|-1.97|0.24|10|E|
|S|6380|21806|0.11|-0.03|0.00|-88.113670|42.114231|-1.94|0.24|10|E|
|S|6380|21831|0.16|-0.06|0.00|-88.113670|42.114231|-1.92|0.24|10|E|
|S|6380|21852|0.17|-0.03|0.00|-88.113670|42.114231|-1.89|0.24|10|E|
|S|6380|21877|0.21|-0.03|0.00|-88.113670|42.114231|-1.86|0.24|10|E|
|S|6380|21899|0.24|-0.03|0.00|-88.113670|42.114231|-1.82|0.24|10|E|
|S|6380|21924|0.27|-0.03|0.00|-88.113670|42.114231|-1.79|0.24|10|E|
|S|6380|21950|0.34|-0.10|0.00|-88.113670|42.114231|-1.76|0.24|10|E|
|S|6380|21976|0.38|-0.05|0.00|-88.113670|42.114231|-1.73|0.24|10|E|
|S|6380|21997|0.43|-0.05|0.00|-88.113670|42.114231|-1.70|0.24|10|E|
|S|6380|22023|0.44|-0.07|0.00|-88.113670|42.114231|-1.67|0.24|10|E|
|S|6380|22048|0.52|-0.11|0.00|-88.113670|42.114231|-1.65|0.24|10|E|
|S|6380|22074|0.54|-0.10|0.00|-88.113670|42.114231|-1.63|0.24|10|E|
|S|6380|22099|0.58|0.00|0.00|-88.113670|42.114231|-1.59|0.24|10|E|
|S|6380|22120|0.63|-0.04|0.00|-88.113670|42.114231|-1.58|0.24|10|E|
|S|6380|22146|0.64|-0.08|0.00|-88.113670|42.114231|-1.56|0.24|10|E|
|S|6380|22167|0.70|-0.14|0.00|-88.113670|42.114231|-1.55|0.24|10|E|
|S|6380|22189|0.73|-0.14|0.00|-88.113670|42.114231|-1.52|0.16|10|E|
|S|6380|22215|0.80|-0.16|0.00|-88.113670|42.114231|-1.48|0.16|10|E|
|S|6380|22236|0.78|-0.20|0.00|-88.113670|42.114231|-1.47|0.16|10|E|
|S|6380|22257|0.78|-0.21|0.00|-88.113670|42.114231|-1.44|0.16|10|E|
|S|6380|22279|0.83|-0.33|0.00|-88.113670|42.114231|-1.42|0.16|10|E|
|S|6380|22304|0.86|-0.29|0.00|-88.113670|42.114231|-1.41|0.16|10|E|
|S|6380|22325|0.91|-0.32|0.00|-88.113670|42.114231|-1.39|0.16|10|E|
|S|6380|22346|0.94|-0.26|0.00|-88.113670|42.114231|-1.37|0.16|10|E|
|S|6380|22367|0.97|-0.15|0.00|-88.113670|42.114231|-1.36|0.16|10|E|
|S|6380|22393|0.96|-0.42|0.00|-88.113670|42.114231|-1.33|0.16|10|E|
|S|6380|22414|1.01|-0.47|0.00|-88.113670|42.114231|-1.33|0.16|10|E|
|S|6380|22439|1.07|-0.39|0.00|-88.113670|42.114231|-1.30|0.16|10|E|
|S|6380|22461|1.08|-0.47|0.00|-88.113670|42.114231|-1.29|0.16|10|E|
|S|6380|22482|1.06|-0.61|0.00|-88.113670|42.114231|-1.28|0.16|10|E|
|S|6380|22508|1.14|-0.55|0.00|-88.113670|42.114231|-1.26|0.16|10|E|
|S|6380|22529|1.18|-0.35|0.00|-88.113670|42.114231|-1.26|0.16|10|E|
|S|6380|22550|1.24|-0.44|0.00|-88.113670|42.114231|-1.24|0.16|10|E|
|S|6380|22571|1.22|-0.67|0.00|-88.113670|42.114231|-1.24|0.16|10|E|
|S|6380|22597|1.17|-0.76|0.00|-88.113670|42.114231|-1.23|0.16|10|E|
|S|6380|22618|1.27|-0.76|0.00|-88.113670|42.114231|-1.23|0.16|10|E|
|S|6380|22643|1.23|-0.80|0.00|-88.113670|42.114231|-1.21|0.16|10|E|
|S|6380|22665|1.20|-0.81|0.00|-88.113670|42.114231|-1.22|0.16|10|E|
|S|6380|22690|1.24|-0.86|0.00|-88.113670|42.114231|-1.22|0.16|10|E|
|S|6380|22711|1.23|-0.86|0.00|-88.113670|42.114231|-1.21|0.16|10|E|
|S|6380|22737|1.22|-0.68|0.00|-88.113670|42.114231|-1.21|0.16|10|E|
|S|6380|22763|1.25|-0.72|0.00|-88.113670|42.114231|-1.21|0.16|10|E|
|S|6380|22789|1.22|-0.67|0.00|-88.113670|42.114231|-1.21|0.16|10|E|
|S|6380|22814|1.24|-0.59|0.00|-88.113670|42.114231|-1.22|0.16|10|E|
|S|6380|22835|1.22|-0.58|0.00|-88.113670|42.114231|-1.21|0.16|10|E|
|S|6380|22860|1.22|-0.57|0.00|-88.113670|42.114231|-1.21|0.16|10|E|
|S|6380|22881|1.22|-0.48|0.00|-88.113670|42.114231|-1.22|0.16|10|E|
|S|6380|22902|1.24|-0.67|0.00|-88.113670|42.114231|-1.22|0.16|10|E|
|S|6380|22928|1.23|-0.64|0.00|-88.113670|42.114231|-1.22|0.16|10|E|
|S|6380|22953|1.24|-0.57|0.00|-88.113670|42.114231|-1.22|0.16|10|E|
|S|6380|22974|1.23|-0.66|0.00|-88.113670|42.114231|-1.22|0.16|10|E|
|S|6380|23000|1.24|-0.68|0.00|-88.113670|42.114231|-1.22|0.16|10|E|
|S|6380|23025|1.23|-0.66|0.00|-88.113670|42.114231|-1.21|0.16|10|E|
|S|6380|23047|1.23|-0.59|0.00|-88.113670|42.114231|-1.22|0.16|10|E|
|S|6380|23072|1.23|-0.62|0.00|-88.113670|42.114231|-1.21|0.16|10|E|
|S|6380|23093|1.24|-0.65|0.00|-88.113670|42.114231|-1.21|0.16|10|E|
|S|6380|23118|1.24|-0.69|0.00|-88.113670|42.114231|-1.21|0.16|10|E|
|S|6380|23139|1.24|-0.73|0.00|-88.113670|42.114231|-1.21|0.16|10|E|
|S|6380|23161|1.26|-0.76|0.00|-88.113670|42.114231|-1.22|0.16|10|E|
|S|6380|23182|1.24|-0.78|0.00|-88.113670|42.114231|-1.22|0.16|10|E|
|S|6380|23208|1.21|-0.61|0.00|-88.113670|42.114231|-1.22|0.18|10|E|
|S|6380|23229|1.22|-0.49|0.00|-88.113670|42.114231|-1.23|0.18|10|E|
|S|6380|23250|1.21|-0.55|0.00|-88.113670|42.114231|-1.23|0.18|10|E|
|S|6380|23272|1.19|-0.57|0.00|-88.113670|42.114231|-1.25|0.18|10|E|
|S|6380|23298|1.17|-0.62|0.00|-88.113670|42.114231|-1.26|0.18|10|E|
|S|6380|23324|1.15|-0.61|0.00|-88.113670|42.114231|-1.27|0.18|10|E|
|S|6380|23345|1.13|-0.46|0.00|-88.113670|42.114231|-1.29|0.18|10|E|
|S|6380|23370|1.10|-0.51|0.00|-88.113670|42.114231|-1.31|0.18|10|E|
|S|6380|23392|1.08|-0.46|0.00|-88.113670|42.114231|-1.33|0.18|10|E|
|S|6380|23413|1.05|-0.38|0.00|-88.113670|42.114231|-1.36|0.18|10|E|
|S|6380|23439|0.95|-0.21|0.00|-88.113670|42.114231|-1.37|0.18|10|E|
|S|6380|23465|0.96|-0.14|0.00|-88.113670|42.114231|-1.39|0.18|10|E|
|S|6380|23491|0.91|-0.11|0.00|-88.113670|42.114231|-1.41|0.18|10|E|
|S|6380|23512|0.89|-0.11|0.00|-88.113670|42.114231|-1.41|0.18|10|E|
|S|6380|23533|0.85|-0.10|0.00|-88.113670|42.114231|-1.44|0.18|10|E|
|S|6380|23554|0.83|-0.10|0.00|-88.113670|42.114231|-1.45|0.18|10|E|
|S|6380|23580|0.82|-0.06|0.00|-88.113670|42.114231|-1.46|0.18|10|E|
|S|6380|23601|0.76|-0.02|0.00|-88.113670|42.114231|-1.47|0.18|10|E|
|S|6380|23626|0.72|-0.06|0.00|-88.113670|42.114231|-1.49|0.18|10|E|
|S|6380|23648|0.68|-0.10|0.00|-88.113670|42.114231|-1.52|0.18|10|E|
|S|6380|23673|0.59|-0.09|0.00|-88.113670|42.114231|-1.55|0.18|10|E|
|S|6380|23695|0.55|-0.00|0.00|-88.113670|42.114231|-1.57|0.18|10|E|
|S|6380|23720|0.56|-0.00|0.00|-88.113670|42.114231|-1.58|0.18|10|E|
|S|6380|23746|0.54|0.03|0.00|-88.113670|42.114231|-1.61|0.18|10|E|
|S|6380|23772|0.50|-0.00|0.00|-88.113670|42.114231|-1.63|0.18|10|E|
|S|6380|23797|0.43|0.04|0.00|-88.113670|42.114231|-1.65|0.18|10|E|
|S|6380|23818|0.45|0.06|0.00|-88.113670|42.114231|-1.66|0.18|10|E|
|S|6380|23844|0.44|0.04|0.00|-88.113670|42.114231|-1.68|0.18|10|E|
|S|6380|23865|0.40|0.03|0.00|-88.113670|42.114231|-1.68|0.18|10|E|
|S|6380|23890|0.42|0.01|0.00|-88.113670|42.114231|-1.70|0.18|10|E|
|S|6380|23911|0.38|0.04|0.00|-88.113670|42.114231|-1.70|0.18|10|E|
|S|6380|23938|0.34|0.08|0.00|-88.113670|42.114231|-1.72|0.18|10|E|
|S|6380|23963|0.32|0.04|0.00|-88.113670|42.114231|-1.74|0.18|10|E|
|S|6380|23989|0.30|0.01|0.00|-88.113670|42.114231|-1.74|0.18|10|E|
|S|6380|24014|0.30|-0.03|0.00|-88.113670|42.114231|-1.77|0.18|10|E|
|S|6380|24036|0.24|-0.04|0.00|-88.113670|42.114231|-1.78|0.18|10|E|
|S|6380|24061|0.23|-0.03|0.00|-88.113670|42.114231|-1.80|0.18|10|E|
|S|6380|24082|0.22|-0.02|0.00|-88.113670|42.114231|-1.81|0.18|10|E|
|S|6380|24108|0.22|-0.02|0.00|-88.113670|42.114231|-1.82|0.18|10|E|
|S|6380|24133|0.21|0.02|0.00|-88.113670|42.114231|-1.86|0.18|10|E|
|S|6380|24155|0.19|0.01|0.00|-88.113670|42.114231|-1.86|0.18|10|E|
|S|6380|24176|0.16|-0.01|0.00|-88.113670|42.114231|-1.89|0.18|10|E|
|S|6380|24197|0.16|0.00|0.00|-88.113670|42.114234|-1.90|0.21|10|E|
|S|6380|24218|0.13|0.01|0.00|-88.113670|42.114234|-1.92|0.21|10|E|
|S|6380|24240|0.10|-0.00|0.00|-88.113670|42.114234|-1.96|0.21|10|E|
|S|6380|24266|0.05|-0.01|0.00|-88.113670|42.114234|-1.97|0.21|10|E|
|S|6380|24287|0.06|-0.02|0.00|-88.113670|42.114234|-1.98|0.21|10|E|
|S|6380|24308|0.03|0.03|0.00|-88.113670|42.114234|-1.99|0.21|10|E|
|S|6380|24329|0.01|0.03|0.00|-88.113670|42.114234|-2.02|0.21|10|E|
|S|6380|24355|-0.05|-0.01|0.00|-88.113670|42.114234|-2.03|0.21|10|E|
|S|6380|24376|-0.07|-0.05|0.00|-88.113670|42.114234|-2.04|0.21|10|E|
|S|6380|24401|-0.09|-0.13|0.00|-88.113670|42.114234|-2.05|0.21|10|E|
|S|6380|24423|-0.13|-0.13|0.00|-88.113670|42.114234|-2.07|0.21|10|E|
|S|6380|24449|-0.14|-0.14|0.00|-88.113670|42.114234|-2.08|0.21|10|E|
|S|6380|24470|-0.12|-0.11|0.00|-88.113670|42.114234|-2.09|0.21|10|E|
|S|6380|24491|-0.14|-0.10|0.00|-88.113670|42.114234|-2.09|0.21|10|E|
|S|6380|24516|-0.12|-0.10|0.00|-88.113670|42.114234|-2.09|0.21|10|E|
|S|6380|24538|-0.11|-0.07|0.00|-88.113670|42.114234|-2.09|0.21|10|E|
|S|6380|24563|-0.09|-0.05|0.00|-88.113670|42.114234|-2.09|0.21|10|E|
|S|6380|24585|-0.09|-0.04|0.00|-88.113670|42.114234|-2.10|0.21|10|E|
|S|6380|24610|-0.08|-0.06|0.00|-88.113670|42.114234|-2.10|0.21|10|E|
|S|6380|24631|-0.09|-0.08|0.00|-88.113670|42.114234|-2.10|0.21|10|E|
|S|6380|24656|-0.09|-0.09|0.00|-88.113670|42.114234|-2.09|0.21|10|E|
|S|6380|24678|-0.09|-0.08|0.00|-88.113670|42.114234|-2.10|0.21|10|E|
|S|6380|24704|-0.09|-0.08|0.00|-88.113670|42.114234|-2.10|0.21|10|E|
|S|6380|24729|-0.10|-0.10|0.00|-88.113670|42.114234|-2.10|0.21|10|E|
|S|6380|24750|-0.11|-0.13|0.00|-88.113670|42.114234|-2.11|0.21|10|E|
|S|6380|24775|-0.11|-0.15|0.00|-88.113670|42.114234|-2.11|0.21|10|E|
|S|6380|24796|-0.13|-0.15|0.00|-88.113670|42.114234|-2.11|0.21|10|E|
|S|6380|24821|-0.14|-0.16|0.00|-88.113670|42.114234|-2.12|0.21|10|E|
|S|6380|24842|-0.17|-0.16|0.00|-88.113670|42.114234|-2.14|0.21|10|E|
|S|6380|24867|-0.21|-0.16|0.00|-88.113670|42.114234|-2.16|0.21|10|E|
|S|6380|24894|-0.28|-0.19|0.00|-88.113670|42.114234|-2.18|0.21|10|E|
|S|6380|24920|-0.28|-0.13|0.00|-88.113670|42.114234|-2.20|0.21|10|E|
|S|6380|24945|-0.28|-0.09|0.00|-88.113670|42.114234|-2.23|0.21|10|E|
|S|6380|24966|-0.32|-0.06|0.00|-88.113670|42.114234|-2.24|0.21|10|E|
|S|6380|24992|-0.38|-0.13|0.00|-88.113670|42.114234|-2.26|0.21|10|E|
|S|6380|25018|-0.45|-0.22|0.00|-88.113670|42.114234|-2.28|0.21|10|E|
|S|6380|25043|-0.39|-0.17|0.00|-88.113670|42.114234|-2.29|0.21|10|E|
|S|6380|25069|-0.50|-0.21|0.00|-88.113670|42.114234|-2.30|0.21|10|E|
|S|6380|25095|-0.55|-0.21|0.00|-88.113670|42.114234|-2.31|0.21|10|E|
|S|6380|25120|-0.57|-0.21|0.00|-88.113670|42.114234|-2.33|0.21|10|E|
|S|6380|25141|-0.53|-0.17|0.00|-88.113670|42.114234|-2.34|0.21|10|E|
|S|6380|25162|-0.54|-0.19|0.00|-88.113670|42.114234|-2.35|0.21|10|E|
|S|6380|25184|-0.60|-0.26|0.00|-88.113670|42.114234|-2.35|0.55|10|E|
|S|6380|25209|-0.68|-0.28|0.00|-88.113670|42.114234|-2.36|0.55|10|E|
|S|6380|25230|-0.61|-0.22|0.00|-88.113670|42.114234|-2.36|0.55|10|E|
|S|6380|25251|-0.60|-0.23|0.00|-88.113670|42.114234|-2.38|0.55|10|E|
|S|6380|25273|-0.67|-0.29|0.00|-88.113670|42.114234|-2.39|0.55|10|E|
|S|6380|25298|-0.68|-0.37|0.00|-88.113670|42.114234|-2.38|0.55|10|E|
|S|6380|25319|-0.66|-0.24|0.00|-88.113670|42.114234|-2.39|0.55|10|E|
|S|6380|25340|-0.65|-0.21|0.00|-88.113670|42.114234|-2.39|0.55|10|E|
|S|6380|25361|-0.72|-0.24|0.00|-88.113670|42.114234|-2.41|0.55|10|E|
|S|6380|25387|-0.80|-0.33|0.00|-88.113670|42.114234|-2.41|0.55|10|E|
|S|6380|25413|-0.75|-0.32|0.00|-88.113670|42.114234|-2.42|0.55|10|E|
|S|6380|25439|-0.78|-0.32|0.00|-88.113670|42.114234|-2.43|0.55|10|E|
|S|6380|25465|-0.85|-0.38|0.00|-88.113670|42.114234|-2.43|0.55|10|E|
|S|6380|25491|-0.87|-0.43|0.00|-88.113670|42.114234|-2.43|0.55|10|E|
|S|6380|25517|-0.86|-0.44|0.00|-88.113670|42.114234|-2.44|0.55|10|E|
|S|6380|25543|-0.91|-0.42|0.00|-88.113670|42.114234|-2.45|0.55|10|E|
|S|6380|25569|-0.98|-0.43|0.00|-88.113670|42.114234|-2.45|0.55|10|E|
|S|6380|25594|-0.98|-0.51|0.00|-88.113670|42.114234|-2.46|0.55|10|E|
|S|6380|25616|-0.91|-0.48|0.00|-88.113670|42.114234|-2.47|0.55|10|E|
|S|6380|25641|-0.87|-0.55|0.00|-88.113670|42.114234|-2.47|0.55|10|E|
|S|6380|25662|-0.99|-0.60|0.00|-88.113670|42.114234|-2.47|0.55|10|E|
|S|6380|25683|-0.98|-0.59|0.00|-88.113670|42.114234|-2.47|0.55|10|E|
|S|6380|25709|-1.00|-0.51|0.00|-88.113670|42.114234|-2.46|0.55|10|E|
|S|6380|25735|-1.02|-0.52|0.00|-88.113670|42.114234|-2.47|0.55|10|E|
|S|6380|25760|-1.03|-0.58|0.00|-88.113670|42.114234|-2.47|0.55|10|E|
|S|6380|25786|-1.03|-0.60|0.00|-88.113670|42.114234|-2.47|0.55|10|E|
|S|6380|25811|-1.08|-0.72|0.00|-88.113670|42.114234|-2.47|0.55|10|E|
|S|6380|25837|-1.08|-0.70|0.00|-88.113670|42.114234|-2.47|0.55|10|E|
|S|6380|25863|-1.09|-0.62|0.00|-88.113670|42.114234|-2.48|0.55|10|E|
|S|6380|25888|-1.10|-0.58|0.00|-88.113670|42.114234|-2.48|0.55|10|E|
|S|6380|25909|-1.08|-0.60|0.00|-88.113670|42.114234|-2.48|0.55|10|E|
|S|6380|25934|-1.08|-0.59|0.00|-88.113670|42.114234|-2.48|0.55|10|E|
|S|6380|25955|-1.06|-0.55|0.00|-88.113670|42.114234|-2.47|0.55|10|E|
|S|6380|25980|-1.09|-0.60|0.00|-88.113670|42.114234|-2.47|0.55|10|E|
|S|6380|26001|-1.07|-0.58|0.00|-88.113670|42.114234|-2.47|0.55|10|E|
|S|6380|26027|-1.04|-0.54|0.00|-88.113670|42.114234|-2.48|0.55|10|E|
|S|6380|26052|-1.06|-0.53|0.00|-88.113670|42.114234|-2.46|0.55|10|E|
|S|6380|26073|-1.04|-0.57|0.00|-88.113670|42.114234|-2.47|0.55|10|E|
|S|6380|26098|-1.04|-0.53|0.00|-88.113670|42.114234|-2.47|0.55|10|E|
|S|6380|26119|-1.06|-0.56|0.00|-88.113670|42.114234|-2.46|0.55|10|E|
|S|6380|26140|-1.06|-0.57|0.00|-88.113670|42.114234|-2.47|0.55|10|E|
|S|6380|26161|-1.05|-0.57|0.00|-88.113670|42.114234|-2.47|0.55|10|E|
|S|6380|26182|-1.06|-0.57|0.00|-88.113677|42.114234|-2.46|0.06|10|E|
|S|6380|26203|-1.03|-0.54|0.00|-88.113677|42.114234|-2.46|0.06|10|E|
|S|6380|26229|-1.06|-0.58|0.00|-88.113677|42.114234|-2.46|0.06|10|E|
|S|6380|26250|-1.05|-0.58|0.00|-88.113677|42.114234|-2.46|0.06|10|E|
|S|6380|26271|-1.04|-0.56|0.00|-88.113677|42.114234|-2.46|0.06|10|E|
|S|6380|26292|-1.05|-0.55|0.00|-88.113677|42.114234|-2.46|0.06|10|E|
|S|6380|26318|-1.07|-0.55|0.00|-88.113677|42.114234|-2.44|0.06|10|E|
|S|6380|26339|-1.06|-0.54|0.00|-88.113677|42.114234|-2.45|0.06|10|E|
|S|6380|26364|-1.07|-0.56|0.00|-88.113677|42.114234|-2.45|0.06|10|E|
|S|6380|26386|-1.05|-0.54|0.00|-88.113677|42.114234|-2.45|0.06|10|E|
|S|6380|26412|-1.05|-0.53|0.00|-88.113677|42.114234|-2.45|0.06|10|E|
|S|6380|26433|-1.05|-0.53|0.00|-88.113677|42.114234|-2.45|0.06|10|E|
|S|6380|26459|-1.04|-0.54|0.00|-88.113677|42.114234|-2.44|0.06|10|E|
|S|6380|26484|-1.05|-0.54|0.00|-88.113677|42.114234|-2.45|0.06|10|E|
|S|6380|26505|-1.05|-0.55|0.00|-88.113677|42.114234|-2.45|0.06|10|E|
|S|6380|26526|-1.05|-0.54|0.00|-88.113677|42.114234|-2.45|0.06|10|E|
|S|6380|26547|-1.05|-0.53|0.00|-88.113677|42.114234|-2.45|0.06|10|E|
|S|6380|26573|-1.07|-0.55|0.00|-88.113677|42.114234|-2.45|0.06|10|E|
|S|6380|26594|-1.05|-0.53|0.00|-88.113677|42.114234|-2.45|0.06|10|E|
|S|6380|26619|-1.05|-0.54|0.00|-88.113677|42.114234|-2.45|0.06|10|E|
|S|6380|26641|-1.06|-0.54|0.00|-88.113677|42.114234|-2.45|0.06|10|E|
|S|6380|26667|-1.06|-0.54|0.00|-88.113677|42.114234|-2.45|0.06|10|E|
|S|6380|26688|-1.05|-0.56|0.00|-88.113677|42.114234|-2.45|0.06|10|E|
|S|6380|26714|-1.05|-0.53|0.00|-88.113677|42.114234|-2.44|0.06|10|E|
|S|6380|26739|-1.04|-0.52|0.00|-88.113677|42.114234|-2.45|0.06|10|E|
|S|6380|26765|-1.06|-0.55|0.00|-88.113677|42.114234|-2.45|0.06|10|E|
|S|6380|26790|-1.05|-0.54|0.00|-88.113677|42.114234|-2.45|0.06|10|E|
|S|6380|26811|-1.06|-0.53|0.00|-88.113677|42.114234|-2.44|0.06|10|E|
|S|6380|26836|-1.05|-0.52|0.00|-88.113677|42.114234|-2.44|0.06|10|E|
|S|6380|26857|-1.05|-0.54|0.00|-88.113677|42.114234|-2.44|0.06|10|E|
|S|6380|26878|-1.07|-0.55|0.00|-88.113677|42.114234|-2.45|0.06|10|E|
|S|6380|26904|-1.06|-0.54|0.00|-88.113677|42.114234|-2.44|0.06|10|E|
|S|6380|26930|-1.06|-0.54|0.00|-88.113677|42.114234|-2.45|0.06|10|E|
|S|6380|26955|-1.04|-0.52|0.00|-88.113677|42.114234|-2.45|0.06|10|E|
|S|6380|26981|-1.06|-0.52|0.00|-88.113677|42.114234|-2.44|0.06|10|E|
|S|6380|27006|-1.07|-0.55|0.00|-88.113677|42.114234|-2.43|0.06|10|E|
|S|6380|27027|-1.06|-0.52|0.00|-88.113677|42.114234|-2.43|0.06|10|E|
|S|6380|27053|-1.07|-0.53|0.00|-88.113677|42.114234|-2.43|0.06|10|E|
|S|6380|27078|-1.06|-0.53|0.00|-88.113677|42.114234|-2.42|0.06|10|E|
|S|6380|27099|-1.05|-0.54|0.00|-88.113677|42.114234|-2.42|0.06|10|E|
|S|6380|27124|-1.05|-0.45|0.00|-88.113677|42.114234|-2.41|0.06|10|E|
|S|6380|27146|-1.00|-0.38|0.00|-88.113677|42.114234|-2.41|0.06|10|E|
|S|6380|27167|-0.98|-0.35|0.00|-88.113677|42.114234|-2.40|0.06|10|E|
|S|6380|27188|-0.95|-0.36|0.00|-88.113677|42.114234|-2.41|0.05|10|E|
|S|6380|27214|-0.93|-0.44|0.00|-88.113677|42.114234|-2.40|0.05|10|E|
|S|6380|27235|-0.89|-0.36|0.00|-88.113677|42.114234|-2.40|0.05|10|E|
|S|6380|27261|-0.91|-0.35|0.00|-88.113677|42.114234|-2.39|0.05|10|E|
|S|6380|27282|-0.89|-0.26|0.00|-88.113677|42.114234|-2.39|0.05|10|E|
|S|6380|27303|-0.83|-0.22|0.00|-88.113677|42.114234|-2.38|0.05|10|E|
|S|6380|27324|-0.78|-0.23|0.00|-88.113677|42.114234|-2.37|0.05|10|E|
|S|6380|27351|-0.75|-0.18|0.00|-88.113677|42.114234|-2.35|0.05|10|E|
|S|6380|27376|-0.70|-0.16|0.00|-88.113677|42.114234|-2.34|0.05|10|E|
|S|6380|27397|-0.70|-0.16|0.00|-88.113677|42.114234|-2.33|0.05|10|E|
|S|6380|27422|-0.62|-0.13|0.00|-88.113677|42.114234|-2.31|0.05|10|E|
|S|6380|27444|-0.58|-0.11|0.00|-88.113677|42.114234|-2.29|0.05|10|E|
|S|6380|27469|-0.56|-0.09|0.00|-88.113677|42.114234|-2.28|0.05|10|E|
|S|6380|27491|-0.54|-0.07|0.00|-88.113677|42.114234|-2.25|0.05|10|E|
|S|6380|27516|-0.49|-0.07|0.00|-88.113677|42.114234|-2.22|0.05|10|E|
|S|6380|27537|-0.47|-0.06|0.00|-88.113677|42.114234|-2.21|0.05|10|E|
|S|6380|27563|-0.42|-0.07|0.00|-88.113677|42.114234|-2.18|0.05|10|E|
|S|6380|27584|-0.37|-0.05|0.00|-88.113677|42.114234|-2.16|0.05|10|E|
|S|6380|27610|-0.33|-0.00|0.00|-88.113677|42.114234|-2.14|0.05|10|E|
|S|6380|27631|-0.26|0.02|0.00|-88.113677|42.114234|-2.11|0.05|10|E|
|S|6380|27652|-0.24|0.01|0.00|-88.113677|42.114234|-2.10|0.05|10|E|
|S|6380|27677|-0.19|0.01|0.00|-88.113677|42.114234|-2.08|0.05|10|E|
|S|6380|27699|-0.16|0.01|0.00|-88.113677|42.114234|-2.06|0.05|10|E|
|S|6380|27724|-0.13|-0.01|0.00|-88.113677|42.114234|-2.03|0.05|10|E|
|S|6380|27745|-0.10|-0.00|0.00|-88.113677|42.114234|-2.00|0.05|10|E|
|S|6380|27771|-0.03|0.02|0.00|-88.113677|42.114234|-1.99|0.05|10|E|
|S|6380|27797|-0.06|-0.01|0.00|-88.113677|42.114234|-1.97|0.05|10|E|
|S|6380|27823|-0.01|-0.03|0.00|-88.113677|42.114234|-1.96|0.05|10|E|
|S|6380|27848|0.02|0.01|0.00|-88.113677|42.114234|-1.95|0.05|10|E|
|S|6380|27869|0.03|0.02|0.00|-88.113677|42.114234|-1.94|0.05|10|E|
|S|6380|27894|0.06|0.03|0.00|-88.113677|42.114234|-1.94|0.05|10|E|
|S|6380|27916|0.06|0.02|0.00|-88.113677|42.114234|-1.93|0.05|10|E|
|S|6380|27941|0.09|0.05|0.00|-88.113677|42.114234|-1.93|0.05|10|E|
|S|6380|27962|0.12|-0.01|0.00|-88.113677|42.114234|-1.93|0.05|10|E|
|S|6380|27987|0.06|0.05|0.00|-88.113677|42.114234|-1.93|0.05|10|E|
|S|6380|28008|0.07|0.04|0.00|-88.113677|42.114234|-1.93|0.05|10|E|
|S|6380|28034|0.06|0.05|0.00|-88.113677|42.114234|-1.94|0.05|10|E|
|S|6380|28055|0.04|0.01|0.00|-88.113677|42.114234|-1.94|0.05|10|E|
|S|6380|28081|0.09|0.02|0.00|-88.113677|42.114234|-1.95|0.05|10|E|
|S|6380|28106|0.07|0.10|0.00|-88.113677|42.114234|-1.95|0.05|10|E|
|S|6380|28128|0.03|0.14|0.00|-88.113677|42.114234|-1.95|0.05|10|E|
|S|6380|28153|0.03|0.13|0.00|-88.113677|42.114234|-1.94|0.05|10|E|
|S|6380|28175|0.07|0.17|0.00|-88.113677|42.114234|-1.94|0.05|10|E|
|S|6380|28200|0.02|0.20|0.00|-88.113677|42.114234|-1.92|0.33|10|E|
|S|6380|28222|0.03|0.24|0.00|-88.113677|42.114234|-1.92|0.33|10|E|
|S|6380|28249|0.02|0.29|0.00|-88.113677|42.114234|-1.91|0.33|10|E|
|S|6380|28270|0.00|0.33|0.00|-88.113677|42.114234|-1.92|0.33|10|E|
|S|6380|28296|0.05|0.36|0.00|-88.113677|42.114234|-1.91|0.33|10|E|
|S|6380|28322|0.06|0.37|0.00|-88.113677|42.114234|-1.91|0.33|10|E|
|S|6380|28348|0.04|0.41|0.00|-88.113677|42.114234|-1.91|0.33|10|E|
|S|6380|28374|0.08|0.50|0.00|-88.113677|42.114234|-1.92|0.33|10|E|
|S|6380|28395|0.07|0.48|0.00|-88.113677|42.114234|-1.92|0.33|10|E|
|S|6380|28416|0.05|0.51|0.00|-88.113677|42.114234|-1.91|0.33|10|E|
|S|6380|28441|0.05|0.53|0.00|-88.113677|42.114234|-1.91|0.33|10|E|
|S|6380|28463|0.06|0.56|0.00|-88.113677|42.114234|-1.90|0.33|10|E|
|S|6380|28488|0.06|0.61|0.00|-88.113677|42.114234|-1.91|0.33|10|E|
|S|6380|28510|0.08|0.60|0.00|-88.113677|42.114234|-1.92|0.33|10|E|
|S|6380|28535|0.05|0.59|0.00|-88.113677|42.114234|-1.93|0.33|10|E|
|S|6380|28556|0.05|0.62|0.00|-88.113677|42.114234|-1.94|0.33|10|E|
|S|6380|28577|0.05|0.67|0.00|-88.113677|42.114234|-1.94|0.33|10|E|
|S|6380|28603|0.05|0.67|0.00|-88.113677|42.114234|-1.95|0.33|10|E|
|S|6380|28628|0.05|0.66|0.00|-88.113677|42.114234|-1.96|0.33|10|E|
|S|6380|28650|0.06|0.70|0.00|-88.113677|42.114234|-1.96|0.33|10|E|
|S|6380|28676|0.06|0.78|0.00|-88.113677|42.114234|-1.96|0.33|10|E|
|S|6380|28701|0.04|0.78|0.00|-88.113677|42.114234|-1.97|0.33|10|E|
|S|6380|28722|0.02|0.73|0.00|-88.113677|42.114234|-1.97|0.33|10|E|
|S|6380|28747|0.03|0.63|0.00|-88.113677|42.114234|-1.98|0.33|10|E|
|S|6380|28768|0.03|0.84|0.00|-88.113677|42.114234|-1.97|0.33|10|E|
|S|6380|28793|0.11|1.00|0.00|-88.113677|42.114234|-1.97|0.33|10|E|
|S|6380|28814|0.02|0.76|0.00|-88.113677|42.114234|-1.97|0.33|10|E|
|S|6380|28839|0.07|0.86|0.00|-88.113677|42.114234|-1.97|0.33|10|E|
|S|6380|28860|0.05|0.94|0.00|-88.113677|42.114234|-1.97|0.33|10|E|
|S|6380|28886|0.03|0.92|0.00|-88.113677|42.114234|-1.98|0.33|10|E|
|S|6380|28907|0.06|0.93|0.00|-88.113677|42.114234|-1.99|0.33|10|E|
|S|6380|28933|0.07|0.94|0.00|-88.113677|42.114234|-1.99|0.33|10|E|
|S|6380|28958|0.05|0.93|0.00|-88.113677|42.114234|-2.00|0.33|10|E|
|S|6380|28984|0.05|0.91|0.00|-88.113677|42.114234|-2.01|0.33|10|E|
|S|6380|29009|0.06|0.98|0.00|-88.113677|42.114234|-2.01|0.33|10|E|
|S|6380|29035|0.07|1.03|0.00|-88.113677|42.114234|-2.00|0.33|10|E|
|S|6380|29056|0.07|0.99|0.00|-88.113677|42.114234|-2.00|0.33|10|E|
|S|6380|29081|0.06|1.02|0.00|-88.113677|42.114234|-1.99|0.33|10|E|
|S|6380|29102|0.06|0.98|0.00|-88.113677|42.114234|-2.00|0.33|10|E|
|S|6380|29123|0.05|0.95|0.00|-88.113677|42.114234|-2.00|0.33|10|E|
|S|6380|29144|0.07|1.03|0.00|-88.113677|42.114234|-2.00|0.33|10|E|
|S|6380|29165|0.05|0.99|0.00|-88.113677|42.114234|-1.99|0.33|10|E|
|S|6380|29186|0.06|0.98|0.00|-88.113677|42.114234|-2.00|0.17|10|E|
|S|6380|29212|0.05|1.04|0.00|-88.113677|42.114234|-2.00|0.17|10|E|
|S|6380|29238|0.07|1.02|0.00|-88.113677|42.114234|-1.99|0.17|10|E|
|S|6380|29264|0.06|0.99|0.00|-88.113677|42.114234|-1.98|0.17|10|E|
|S|6380|29285|0.06|0.98|0.00|-88.113677|42.114234|-1.98|0.17|10|E|
|S|6380|29306|0.04|0.97|0.00|-88.113677|42.114234|-1.98|0.17|10|E|
|S|6380|29327|0.04|1.00|0.00|-88.113677|42.114234|-1.99|0.17|10|E|
|S|6380|29353|0.06|1.02|0.00|-88.113677|42.114234|-1.99|0.17|10|E|
|S|6380|29379|0.06|0.97|0.00|-88.113677|42.114234|-1.99|0.17|10|E|
|S|6380|29400|0.07|1.00|0.00|-88.113677|42.114234|-1.99|0.17|10|E|
|S|6380|29425|0.05|1.01|0.00|-88.113677|42.114234|-1.98|0.17|10|E|
|S|6380|29447|0.04|0.97|0.00|-88.113677|42.114234|-1.99|0.17|10|E|
|S|6380|29472|0.05|1.00|0.00|-88.113677|42.114234|-1.98|0.17|10|E|
|S|6380|29494|0.05|1.00|0.00|-88.113677|42.114234|-1.98|0.17|10|E|
|S|6380|29519|0.04|0.98|0.00|-88.113677|42.114234|-1.98|0.17|10|E|
|S|6380|29540|0.05|0.97|0.00|-88.113677|42.114234|-1.98|0.17|10|E|
|S|6380|29561|0.06|1.00|0.00|-88.113677|42.114234|-1.98|0.17|10|E|
|S|6380|29582|0.06|1.01|0.00|-88.113677|42.114234|-1.98|0.17|10|E|
|S|6380|29608|0.05|0.97|0.00|-88.113677|42.114234|-1.98|0.17|10|E|
|S|6380|29634|0.05|0.98|0.00|-88.113677|42.114234|-1.97|0.17|10|E|
|S|6380|29655|0.04|0.98|0.00|-88.113677|42.114234|-1.96|0.17|10|E|
|S|6380|29680|0.03|0.95|0.00|-88.113677|42.114234|-1.95|0.17|10|E|
|S|6380|29701|0.06|0.95|0.00|-88.113677|42.114234|-1.93|0.17|10|E|
|S|6380|29722|0.02|0.90|0.00|-88.113677|42.114234|-1.91|0.17|10|E|
|S|6380|29748|0.06|0.94|0.00|-88.113677|42.114234|-1.89|0.17|10|E|
|S|6380|29773|0.05|0.90|0.00|-88.113677|42.114234|-1.87|0.17|10|E|
|S|6380|29799|0.04|0.82|0.00|-88.113677|42.114234|-1.86|0.17|10|E|
|S|6380|29825|0.05|0.72|0.00|-88.113677|42.114234|-1.85|0.17|10|E|
|S|6380|29850|0.03|0.72|0.00|-88.113677|42.114234|-1.85|0.17|10|E|
|S|6380|29871|0.01|0.77|0.00|-88.113677|42.114234|-1.84|0.17|10|E|
|S|6380|29896|0.07|0.74|0.00|-88.113677|42.114234|-1.83|0.17|10|E|
|S|6380|29917|0.05|0.62|0.00|-88.113677|42.114234|-1.82|0.17|10|E|
|S|6380|29938|-0.03|0.39|0.00|-88.113677|42.114234|-1.84|0.17|10|E|
|S|6380|29964|-0.03|0.37|0.00|-88.113677|42.114234|-1.86|0.17|10|E|
|S|6380|29989|-0.03|0.38|0.00|-88.113677|42.114234|-1.88|0.17|10|E|
|S|6380|30010|-0.01|0.36|0.00|-88.113677|42.114234|-1.89|0.17|10|E|
|S|6380|30035|0.00|0.32|0.00|-88.113677|42.114234|-1.90|0.17|10|E|
|S|6380|30056|0.02|0.23|0.00|-88.113677|42.114234|-1.91|0.17|10|E|
|S|6380|30082|0.06|0.11|0.00|-88.113677|42.114234|-1.92|0.17|10|E|
|S|6380|30103|0.06|0.06|0.00|-88.113677|42.114234|-1.94|0.17|10|E|
|S|6380|30124|-0.04|0.01|0.00|-88.113677|42.114234|-1.94|0.17|10|E|
|S|6380|30145|-0.00|-0.09|0.00|-88.113677|42.114234|-1.95|0.17|10|E|
|S|6380|30166|0.05|-0.11|0.00|-88.113677|42.114234|-1.94|0.17|10|E|
|S|6380|30192|-0.01|-0.12|0.00|-88.113685|42.114231|-1.94|0.08|10|E|
|S|6380|30213|-0.00|-0.14|0.00|-88.113685|42.114231|-1.94|0.08|10|E|
|S|6380|30238|0.01|-0.12|0.00|-88.113685|42.114231|-1.95|0.08|10|E|
|S|6380|30260|0.02|-0.12|0.00|-88.113685|42.114231|-1.95|0.08|10|E|
|S|6380|30281|0.04|-0.12|0.00|-88.113685|42.114231|-1.94|0.08|10|E|
|S|6380|30302|0.06|-0.10|0.00|-88.113685|42.114231|-1.95|0.08|10|E|
|S|6380|30323|0.05|-0.09|0.00|-88.113685|42.114231|-1.95|0.08|10|E|
|S|6380|30349|0.03|-0.09|0.00|-88.113685|42.114231|-1.96|0.08|10|E|
|S|6380|30375|-0.02|-0.07|0.00|-88.113685|42.114231|-1.95|0.08|10|E|
|S|6380|30396|0.03|-0.09|0.00|-88.113685|42.114231|-1.96|0.08|10|E|
|S|6380|30423|0.07|-0.08|0.00|-88.113685|42.114231|-1.97|0.08|10|E|
|S|6380|30448|0.04|-0.07|0.00|-88.113685|42.114231|-1.97|0.08|10|E|
|S|6380|30469|0.03|-0.10|0.00|-88.113685|42.114231|-1.96|0.08|10|E|
|S|6380|30494|0.03|-0.11|0.00|-88.113685|42.114231|-1.96|0.08|10|E|
|S|6380|30516|0.03|-0.12|0.00|-88.113685|42.114231|-1.95|0.08|10|E|
|S|6380|30541|0.01|-0.19|0.00|-88.113685|42.114231|-1.97|0.08|10|E|
|S|6380|30563|0.03|-0.22|0.00|-88.113685|42.114231|-1.98|0.08|10|E|
|S|6380|30588|-0.01|-0.27|0.00|-88.113685|42.114231|-2.00|0.08|10|E|
|S|6380|30609|-0.02|-0.32|0.00|-88.113685|42.114231|-2.00|0.08|10|E|
|S|6380|30630|-0.01|-0.39|0.00|-88.113685|42.114231|-2.00|0.08|10|E|
|S|6380|30651|-0.01|-0.41|0.00|-88.113685|42.114231|-2.01|0.08|10|E|
|S|6380|30678|-0.01|-0.48|0.00|-88.113685|42.114231|-2.04|0.08|10|E|
|S|6380|30703|0.03|-0.48|0.00|-88.113685|42.114231|-2.08|0.08|10|E|
|S|6380|30729|-0.02|-0.53|0.00|-88.113685|42.114231|-2.12|0.08|10|E|
|S|6380|30754|-0.03|-0.58|0.00|-88.113685|42.114231|-2.13|0.08|10|E|
|S|6380|30780|-0.02|-0.65|0.00|-88.113685|42.114231|-2.14|0.08|10|E|
|S|6380|30806|0.05|-0.72|0.00|-88.113685|42.114231|-2.16|0.08|10|E|
|S|6380|30831|0.01|-0.79|0.00|-88.113685|42.114231|-2.17|0.08|10|E|
|S|6380|30857|-0.03|-0.84|0.00|-88.113685|42.114231|-2.19|0.08|10|E|
|S|6380|30882|-0.01|-0.89|0.00|-88.113685|42.114231|-2.19|0.08|10|E|
|S|6380|30908|0.02|-0.93|0.00|-88.113685|42.114231|-2.21|0.08|10|E|
|S|6380|30934|-0.03|-0.91|0.00|-88.113685|42.114231|-2.21|0.08|10|E|
|S|6380|30959|-0.03|-0.95|0.00|-88.113685|42.114231|-2.22|0.08|10|E|
|S|6380|30980|-0.01|-0.98|0.00|-88.113685|42.114231|-2.21|0.08|10|E|
|S|6380|31005|-0.01|-1.05|0.00|-88.113685|42.114231|-2.19|0.08|10|E|
|S|6380|31026|-0.02|-1.07|0.00|-88.113685|42.114231|-2.21|0.08|10|E|
|S|6380|31051|0.00|-1.01|0.00|-88.113685|42.114231|-2.23|0.08|10|E|
|S|6380|31072|-0.02|-1.04|0.00|-88.113685|42.114231|-2.22|0.08|10|E|
|S|6380|31098|0.02|-1.17|0.00|-88.113685|42.114231|-2.23|0.08|10|E|
|S|6380|31124|-0.03|-1.18|0.00|-88.113685|42.114231|-2.25|0.08|10|E|
|S|6380|31151|-0.03|-1.21|0.00|-88.113685|42.114231|-2.26|0.08|10|E|
|S|6380|31176|-0.06|-1.12|0.00|-88.113685|42.114231|-2.27|0.08|10|E|
|S|6380|31197|-0.06|-1.13|0.00|-88.113677|42.114231|-2.27|0.23|10|E|
|S|6380|31218|-0.02|-1.17|0.00|-88.113677|42.114231|-2.28|0.23|10|E|
|S|6380|31239|-0.03|-1.21|0.00|-88.113677|42.114231|-2.29|0.23|10|E|
|S|6380|31260|-0.03|-1.23|0.00|-88.113677|42.114231|-2.29|0.23|10|E|
|S|6380|31282|-0.05|-1.17|0.00|-88.113677|42.114231|-2.29|0.23|10|E|
|S|6380|31307|-0.03|-1.13|0.00|-88.113677|42.114231|-2.31|0.23|10|E|
|S|6380|31329|-0.04|-1.16|0.00|-88.113677|42.114231|-2.30|0.23|10|E|
|S|6380|31354|-0.05|-1.18|0.00|-88.113677|42.114231|-2.31|0.23|10|E|
|S|6380|31375|-0.06|-1.16|0.00|-88.113677|42.114231|-2.31|0.23|10|E|
|S|6380|31400|-0.05|-1.15|0.00|-88.113677|42.114231|-2.32|0.23|10|E|
|S|6380|31422|-0.07|-1.15|0.00|-88.113677|42.114231|-2.32|0.23|10|E|
|S|6380|31448|-0.05|-1.17|0.00|-88.113677|42.114231|-2.32|0.23|10|E|
|S|6380|31469|-0.05|-1.17|0.00|-88.113677|42.114231|-2.31|0.23|10|E|
|S|6380|31490|-0.05|-1.15|0.00|-88.113677|42.114231|-2.32|0.23|10|E|
|S|6380|31515|-0.03|-1.15|0.00|-88.113677|42.114231|-2.32|0.23|10|E|
|S|6380|31537|-0.03|-1.14|0.00|-88.113677|42.114231|-2.33|0.23|10|E|
|S|6380|31562|-0.05|-1.15|0.00|-88.113677|42.114231|-2.33|0.23|10|E|
|S|6380|31584|-0.04|-1.14|0.00|-88.113677|42.114231|-2.33|0.23|10|E|
|S|6380|31609|-0.05|-1.13|0.00|-88.113677|42.114231|-2.34|0.23|10|E|
|S|6380|31630|-0.04|-1.11|0.00|-88.113677|42.114231|-2.34|0.23|10|E|
|S|6380|31655|-0.04|-1.11|0.00|-88.113677|42.114231|-2.33|0.23|10|E|
|S|6380|31677|-0.04|-1.12|0.00|-88.113677|42.114231|-2.35|0.23|10|E|
|S|6380|31703|-0.04|-1.13|0.00|-88.113677|42.114231|-2.33|0.23|10|E|
|S|6380|31728|-0.04|-1.12|0.00|-88.113677|42.114231|-2.33|0.23|10|E|
|S|6380|31749|-0.04|-1.13|0.00|-88.113677|42.114231|-2.34|0.23|10|E|
|S|6380|31775|-0.04|-1.11|0.00|-88.113677|42.114231|-2.34|0.23|10|E|
|S|6380|31801|-0.04|-1.11|0.00|-88.113677|42.114231|-2.32|0.23|10|E|
|S|6380|31826|-0.05|-1.12|0.00|-88.113677|42.114231|-2.33|0.23|10|E|
|S|6380|31852|-0.05|-1.10|0.00|-88.113677|42.114231|-2.33|0.23|10|E|
|S|6380|31878|-0.04|-1.09|0.00|-88.113677|42.114231|-2.33|0.23|10|E|
|S|6380|31903|-0.03|-1.01|0.00|-88.113677|42.114231|-2.34|0.23|10|E|
|S|6380|31924|-0.03|-1.00|0.00|-88.113677|42.114231|-2.34|0.23|10|E|
|S|6380|31949|-0.04|-1.01|0.00|-88.113677|42.114231|-2.32|0.23|10|E|
|S|6380|31970|-0.04|-1.00|0.00|-88.113677|42.114231|-2.32|0.23|10|E|
|S|6380|31995|-0.02|-0.92|0.00|-88.113677|42.114231|-2.29|0.23|10|E|
|S|6380|32016|-0.01|-0.90|0.00|-88.113677|42.114231|-2.28|0.23|10|E|
|S|6380|32041|-0.06|-0.88|0.00|-88.113677|42.114231|-2.27|0.23|10|E|
|S|6380|32068|-0.04|-0.75|0.00|-88.113677|42.114231|-2.25|0.23|10|E|
|S|6380|32094|-0.02|-0.77|0.00|-88.113677|42.114231|-2.25|0.23|10|E|
|S|6380|32119|-0.00|-0.72|0.00|-88.113677|42.114231|-2.23|0.23|10|E|
|S|6380|32140|0.01|-0.69|0.00|-88.113677|42.114231|-2.22|0.23|10|E|
|S|6380|32161|-0.03|-0.68|0.00|-88.113677|42.114231|-2.20|0.23|10|E|
|S|6380|32182|-0.04|-0.60|0.00|-88.113677|42.114231|-2.15|0.31|10|E|
|S|6380|32208|-0.01|-0.52|0.00|-88.113677|42.114231|-2.12|0.31|10|E|
|S|6380|32234|0.02|-0.44|0.00|-88.113677|42.114231|-2.09|0.31|10|E|
|S|6380|32261|-0.00|-0.38|0.00|-88.113677|42.114231|-2.07|0.31|10|E|
|S|6380|32287|-0.00|-0.29|0.00|-88.113677|42.114231|-2.05|0.31|10|E|
|S|6380|32308|0.01|-0.24|0.00|-88.113677|42.114231|-2.02|0.31|10|E|
|S|6380|32334|-0.01|-0.13|0.00|-88.113677|42.114231|-2.01|0.31|10|E|
|S|6380|32355|0.01|-0.09|0.00|-88.113677|42.114231|-1.99|0.31|10|E|
|S|6380|32380|0.02|-0.05|0.00|-88.113677|42.114231|-1.98|0.31|10|E|
|S|6380|32402|0.01|-0.02|0.00|-88.113677|42.114231|-1.96|0.31|10|E|
|S|6380|32428|0.02|0.04|0.00|-88.113677|42.114231|-1.95|0.31|10|E|
|S|6380|32449|0.04|0.09|0.00|-88.113677|42.114231|-1.95|0.31|10|E|
|S|6380|32475|0.03|0.12|0.00|-88.113677|42.114231|-1.95|0.31|10|E|
|S|6380|32501|0.02|0.16|0.00|-88.113677|42.114231|-1.95|0.31|10|E|
|S|6380|32522|0.03|0.18|0.00|-88.113677|42.114231|-1.93|0.31|10|E|
|S|6380|32547|0.03|0.18|0.00|-88.113677|42.114231|-1.92|0.31|10|E|
|S|6380|32569|0.02|0.21|0.00|-88.113677|42.114231|-1.92|0.31|10|E|
|S|6380|32594|0.05|0.15|0.00|-88.113677|42.114231|-1.91|0.31|10|E|
|S|6380|32616|0.05|0.14|0.00|-88.113677|42.114231|-1.91|0.31|10|E|
|S|6380|32642|0.04|0.13|0.00|-88.113677|42.114231|-1.90|0.31|10|E|
|S|6380|32668|0.04|0.11|0.00|-88.113677|42.114231|-1.91|0.31|10|E|
|S|6380|32689|0.03|0.10|0.00|-88.113677|42.114231|-1.92|0.31|10|E|
|S|6380|32714|0.02|0.12|0.00|-88.113677|42.114231|-1.91|0.31|10|E|
|S|6380|32735|0.01|0.10|0.00|-88.113677|42.114231|-1.92|0.31|10|E|
|S|6380|32756|0.03|0.10|0.00|-88.113677|42.114231|-1.92|0.31|10|E|
|S|6380|32782|0.01|0.11|0.00|-88.113677|42.114231|-1.92|0.31|10|E|
|S|6380|32807|0.01|0.10|0.00|-88.113677|42.114231|-1.91|0.31|10|E|
|S|6380|32833|0.02|0.09|0.00|-88.113677|42.114231|-1.92|0.31|10|E|
|S|6380|32859|0.00|0.06|0.00|-88.113677|42.114231|-1.91|0.31|10|E|
|S|6380|32884|0.01|0.05|0.00|-88.113677|42.114231|-1.91|0.31|10|E|
|S|6380|32905|0.01|0.06|0.00|-88.113677|42.114231|-1.91|0.31|10|E|
|S|6380|32930|0.00|0.06|0.00|-88.113677|42.114231|-1.90|0.31|10|E|
|S|6380|32951|0.00|0.06|0.00|-88.113677|42.114231|-1.90|0.31|10|E|
|S|6380|32972|-0.00|0.08|0.00|-88.113677|42.114231|-1.91|0.31|10|E|
|S|6380|32998|0.01|0.09|0.00|-88.113677|42.114231|-1.91|0.31|10|E|
|S|6380|33024|0.03|0.08|0.00|-88.113677|42.114231|-1.90|0.31|10|E|
|S|6380|33049|0.06|0.10|0.00|-88.113677|42.114231|-1.91|0.31|10|E|
|S|6380|33070|0.05|0.10|0.00|-88.113677|42.114231|-1.91|0.31|10|E|
|S|6380|33095|0.03|0.11|0.00|-88.113677|42.114231|-1.90|0.31|10|E|
|S|6380|33116|0.02|0.11|0.00|-88.113677|42.114231|-1.90|0.31|10|E|
|S|6380|33137|0.01|0.13|0.00|-88.113677|42.114231|-1.90|0.31|10|E|
|S|6380|33158|0.01|0.15|0.00|-88.113677|42.114231|-1.90|0.31|10|E|
|S|6380|33179|0.01|0.14|0.00|-88.113677|42.114231|-1.90|0.14|10|E|
|S|6380|33201|0.00|0.14|0.00|-88.113677|42.114231|-1.91|0.14|10|E|
|S|6380|33227|0.02|0.14|0.00|-88.113677|42.114231|-1.90|0.14|10|E|
|S|6380|33248|0.01|0.12|0.00|-88.113677|42.114231|-1.91|0.14|10|E|
|S|6380|33269|0.01|0.13|0.00|-88.113677|42.114231|-1.91|0.14|10|E|
|S|6380|33290|0.02|0.13|0.00|-88.113677|42.114231|-1.91|0.14|10|E|
|S|6380|33316|0.02|0.15|0.00|-88.113677|42.114231|-1.91|0.14|10|E|
|S|6380|33337|0.02|0.14|0.00|-88.113677|42.114231|-1.91|0.14|10|E|
|S|6380|33362|0.02|0.14|0.00|-88.113677|42.114231|-1.90|0.14|10|E|
|S|6380|33384|0.03|0.14|0.00|-88.113677|42.114231|-1.91|0.14|10|E|
|S|6380|33405|0.01|0.14|0.00|-88.113677|42.114231|-1.90|0.14|10|E|
|S|6380|33426|0.01|0.12|0.00|-88.113677|42.114231|-1.90|0.14|10|E|
|S|6380|33452|-0.00|0.12|0.00|-88.113677|42.114231|-1.91|0.14|10|E|
|S|6380|33473|0.00|0.11|0.00|-88.113677|42.114231|-1.90|0.14|10|E|
|S|6380|33494|0.00|0.11|0.00|-88.113677|42.114231|-1.89|0.14|10|E|
|S|6380|33520|0.01|0.09|0.00|-88.113677|42.114231|-1.89|0.14|10|E|
|S|6380|33541|0.04|0.10|0.00|-88.113677|42.114231|-1.90|0.14|10|E|
|S|6380|33566|-0.04|0.13|0.00|-88.113677|42.114231|-1.90|0.14|10|E|
|S|6380|33588|-0.03|0.12|0.00|-88.113677|42.114231|-1.90|0.14|10|E|
|S|6380|33609|0.01|0.14|0.00|-88.113677|42.114231|-1.90|0.14|10|E|
|S|6380|33630|-0.03|0.15|0.00|-88.113677|42.114231|-1.89|0.14|10|E|
|S|6380|33655|-0.02|0.17|0.00|-88.113677|42.114231|-1.90|0.14|10|E|
|S|6380|33677|-0.04|0.15|0.00|-88.113677|42.114231|-1.90|0.14|10|E|
|S|6380|33698|-0.03|0.16|0.00|-88.113677|42.114231|-1.90|0.14|10|E|
|S|6380|33724|0.00|0.19|0.00|-88.113677|42.114231|-1.89|0.14|10|E|
|S|6380|33750|0.01|0.15|0.00|-88.113677|42.114231|-1.90|0.14|10|E|
|S|6380|33775|-0.02|0.17|0.00|-88.113677|42.114231|-1.90|0.14|10|E|
|S|6380|33796|-0.03|0.23|0.00|-88.113677|42.114231|-1.90|0.14|10|E|
|S|6380|33821|-0.04|0.27|0.00|-88.113677|42.114231|-1.88|0.14|10|E|
|S|6380|33843|-0.00|0.15|0.00|-88.113677|42.114231|-1.89|0.14|10|E|
|S|6380|33868|0.01|0.13|0.00|-88.113677|42.114231|-1.89|0.14|10|E|
|S|6380|33889|-0.00|0.17|0.00|-88.113677|42.114231|-1.89|0.14|10|E|
|S|6380|33915|-0.03|0.16|0.00|-88.113677|42.114231|-1.88|0.14|10|E|
|S|6380|33941|0.06|0.12|0.00|-88.113677|42.114231|-1.89|0.14|10|E|
|S|6380|33967|0.10|0.18|0.00|-88.113677|42.114231|-1.89|0.14|10|E|
|S|6380|33992|0.11|0.08|0.00|-88.113677|42.114231|-1.90|0.14|10|E|
|S|6380|34013|0.11|0.08|0.00|-88.113677|42.114231|-1.91|0.14|10|E|
|S|6380|34038|0.02|0.14|0.00|-88.113677|42.114231|-1.91|0.14|10|E|
|S|6380|34060|0.01|0.08|0.00|-88.113677|42.114231|-1.91|0.14|10|E|
|S|6380|34085|0.03|0.07|0.00|-88.113677|42.114231|-1.93|0.14|10|E|
|S|6380|34106|0.03|0.08|0.00|-88.113677|42.114231|-1.94|0.14|10|E|
|S|6380|34132|0.05|0.01|0.00|-88.113677|42.114231|-1.95|0.14|10|E|
|S|6380|34153|0.07|0.09|0.00|-88.113677|42.114231|-1.96|0.14|10|E|
|S|6380|34174|0.06|0.19|0.00|-88.113677|42.114231|-1.96|0.14|10|E|
|S|6380|34196|0.07|0.27|0.00|-88.113677|42.114231|-1.96|0.47|10|E|
|S|6380|34222|0.01|0.26|0.00|-88.113677|42.114231|-1.96|0.47|10|E|
|S|6380|34248|0.09|0.14|0.00|-88.113677|42.114231|-1.97|0.47|10|E|
|S|6380|34269|0.03|0.10|0.00|-88.113677|42.114231|-1.96|0.47|10|E|
|S|6380|34290|0.00|0.08|0.00|-88.113677|42.114231|-1.96|0.47|10|E|
|S|6380|34311|0.03|0.08|0.00|-88.113677|42.114231|-1.96|0.47|10|E|
|S|6380|34337|-0.01|0.09|0.00|-88.113677|42.114231|-1.97|0.47|10|E|
|S|6380|34358|-0.03|0.13|0.00|-88.113677|42.114231|-1.97|0.47|10|E|
|S|6380|34383|-0.04|0.14|0.00|-88.113677|42.114231|-1.98|0.47|10|E|
|S|6380|34405|-0.04|0.14|0.00|-88.113677|42.114231|-2.00|0.47|10|E|
|S|6380|34426|-0.03|0.13|0.00|-88.113677|42.114231|-2.00|0.47|10|E|
|S|6380|34452|-0.04|0.14|0.00|-88.113677|42.114231|-1.98|0.47|10|E|
|S|6380|34479|-0.04|0.12|0.00|-88.113677|42.114231|-1.97|0.47|10|E|
|S|6380|34504|-0.03|0.12|0.00|-88.113677|42.114231|-1.97|0.47|10|E|
|S|6380|34526|-0.02|0.12|0.00|-88.113677|42.114231|-1.98|0.47|10|E|
|S|6380|34552|-0.03|0.14|0.00|-88.113677|42.114231|-1.98|0.47|10|E|
|S|6380|34573|-0.04|0.14|0.00|-88.113677|42.114231|-1.99|0.47|10|E|
|S|6380|34594|-0.03|0.12|0.00|-88.113677|42.114231|-2.00|0.47|10|E|
|S|6380|34615|-0.02|0.08|0.00|-88.113677|42.114231|-2.00|0.47|10|E|
|S|6380|34641|-0.02|0.09|0.00|-88.113677|42.114231|-2.00|0.47|10|E|
|S|6380|34662|-0.01|0.11|0.00|-88.113677|42.114231|-2.01|0.47|10|E|
|S|6380|34688|-0.02|0.15|0.00|-88.113677|42.114231|-2.01|0.47|10|E|
|S|6380|34713|-0.03|0.16|0.00|-88.113677|42.114231|-2.01|0.47|10|E|
|S|6380|34735|-0.04|0.15|0.00|-88.113677|42.114231|-2.02|0.47|10|E|
|S|6380|34760|-0.04|0.13|0.00|-88.113677|42.114231|-2.02|0.47|10|E|
|S|6380|34782|-0.03|0.12|0.00|-88.113677|42.114231|-2.02|0.47|10|E|
|S|6380|34807|-0.06|0.11|0.00|-88.113677|42.114231|-2.02|0.47|10|E|
|S|6380|34828|-0.05|0.12|0.00|-88.113677|42.114231|-2.01|0.47|10|E|
|S|6380|34853|-0.07|0.09|0.00|-88.113677|42.114231|-2.01|0.47|10|E|
|S|6380|34874|-0.06|0.07|0.00|-88.113677|42.114231|-2.02|0.47|10|E|
|S|6380|34895|-0.05|0.05|0.00|-88.113677|42.114231|-2.02|0.47|10|E|
|S|6380|34921|-0.06|0.06|0.00|-88.113677|42.114231|-2.02|0.47|10|E|
|S|6380|34947|-0.08|0.06|0.00|-88.113677|42.114231|-2.02|0.47|10|E|
|S|6380|34972|-0.05|0.04|0.00|-88.113677|42.114231|-2.02|0.47|10|E|
|S|6380|34993|-0.03|0.02|0.00|-88.113677|42.114231|-2.02|0.47|10|E|
|S|6380|35014|-0.07|0.03|0.00|-88.113677|42.114231|-2.01|0.47|10|E|
|S|6380|35040|-0.08|0.04|0.00|-88.113677|42.114231|-2.02|0.47|10|E|
|S|6380|35065|-0.08|0.03|0.00|-88.113677|42.114231|-2.02|0.47|10|E|
|S|6380|35087|-0.08|0.02|0.00|-88.113677|42.114231|-2.02|0.47|10|E|
